50
75
5624
22 12 21 12
29 71 29 70
24 68 24 69
36 65 36 64
13 38 14 38
20 72 21 72
31 59 30 59
38 36 38 37
39 61 40 61
4 35 5 35
42 39 41 39
25 63 24 63
13 52 14 52
14 17 13 17
8 12 8 13
41 44 42 44
28 70 28 71
38 10 38 9
6 1 6 2
28 6 28 5
13 50 12 50
22 52 23 52
48 42 48 41
40 58 39 58
46 67 45 67
0 33 0 32
14 63 15 63
46 1 46 2
39 7 40 7
45 38 44 38
36 53 37 53
42 25 42 26
40 23 40 22
15 66 14 66
30 12 29 12
11 37 11 38
37 52 37 51
7 73 7 74
15 63 15 62
17 72 17 73
12 16 12 17
8 6 8 5
22 71 21 71
19 3 19 2
10 39 10 40
34 51 34 50
23 11 23 12
13 26 12 26
12 53 13 53
0 23 0 22
40 37 40 38
8 20 8 19
0 67 0 66
9 63 8 63
31 23 32 23
15 9 15 8
30 32 30 31
18 70 19 70
22 10 22 11
49 25 49 26
3 59 3 58
36 36 35 36
19 45 18 45
28 1 29 1
28 68 29 68
7 73 8 73
20 44 20 45
39 43 38 43
11 31 12 31
10 57 11 57
44 10 45 10
25 23 25 24
26 17 25 17
16 47 17 47
6 2 5 2
30 10 30 9
12 57 11 57
19 21 19 20
8 59 8 58
33 21 33 22
37 65 38 65
25 68 25 69
1 44 0 44
22 12 23 12
22 18 21 18
18 26 18 27
37 15 38 15
2 34 3 34
37 18 38 18
28 28 28 27
28 15 28 14
40 67 41 67
2 18 1 18
31 17 31 16
11 67 11 68
16 10 16 11
11 47 10 47
11 26 11 27
11 13 11 14
21 16 21 15
5 46 5 45
6 38 7 38
0 15 0 16
13 23 12 23
18 34 18 35
17 27 16 27
41 65 41 64
8 26 8 25
35 65 35 66
29 38 28 38
29 43 30 43
18 24 17 24
25 49 26 49
3 65 4 65
22 8 22 7
10 25 11 25
33 44 32 44
49 62 49 61
35 69 35 70
12 23 12 22
12 66 11 66
25 18 26 18
5 47 4 47
35 71 34 71
26 32 26 31
45 65 44 65
6 46 6 47
18 22 17 22
48 8 49 8
29 60 29 59
42 37 42 38
7 70 7 69
38 7 37 7
5 34 5 33
25 56 26 56
38 64 38 65
6 9 6 10
14 32 14 31
40 50 41 50
17 55 18 55
10 47 10 48
46 31 46 30
32 72 31 72
39 4 39 5
30 4 31 4
38 18 38 19
41 26 40 26
43 17 42 17
30 60 31 60
12 27 12 28
9 37 9 38
43 10 44 10
24 69 24 70
39 60 39 59
14 67 14 68
46 6 45 6
41 49 42 49
22 17 23 17
37 22 37 23
3 36 2 36
49 45 49 46
22 40 21 40
26 39 25 39
2 4 2 3
9 20 9 21
28 34 28 33
37 31 37 32
13 46 12 46
1 1 1 2
14 28 13 28
18 0 19 0
9 1 9 2
20 5 19 5
44 16 44 17
10 63 10 62
9 18 9 19
32 30 33 30
22 70 22 71
13 71 13 72
15 37 15 36
40 5 40 6
29 15 28 15
11 37 12 37
22 58 23 58
30 18 30 19
27 4 26 4
11 36 11 37
2 10 1 10
40 23 41 23
30 66 31 66
25 56 25 55
43 12 43 13
14 48 15 48
40 47 39 47
33 29 33 28
15 57 14 57
16 20 16 21
25 72 26 72
4 40 5 40
4 22 3 22
44 48 44 49
40 41 40 40
4 56 4 57
4 73 5 73
40 58 40 57
8 17 7 17
30 69 29 69
17 23 18 23
27 55 27 56
28 74 28 73
12 64 12 63
30 50 30 51
0 67 1 67
1 40 1 41
10 49 10 48
39 31 39 32
42 73 43 73
11 2 11 3
29 5 29 6
18 18 18 17
25 52 26 52
16 59 16 58
30 11 29 11
2 13 1 13
1 23 2 23
44 39 44 40
8 58 9 58
44 69 44 70
12 25 11 25
5 43 5 42
12 21 11 21
47 67 47 68
24 71 23 71
42 49 43 49
8 70 8 71
10 54 10 55
11 23 12 23
39 63 39 64
24 68 24 67
28 57 28 56
13 24 13 23
7 48 7 47
13 48 12 48
34 17 34 16
30 27 31 27
40 13 40 14
11 24 11 23
1 63 1 64
43 14 44 14
4 69 4 70
11 32 11 33
32 67 31 67
47 5 47 4
9 17 9 16
28 38 27 38
41 1 40 1
4 2 5 2
30 20 29 20
26 2 26 1
2 13 2 12
6 23 6 22
33 45 33 44
11 54 10 54
30 1 30 0
2 55 2 56
37 73 37 74
48 27 47 27
24 9 25 9
40 35 40 34
25 64 25 63
44 45 44 46
6 55 5 55
23 16 23 17
34 72 35 72
16 14 16 13
40 64 40 65
42 66 41 66
18 56 18 57
21 58 20 58
12 29 12 30
29 60 30 60
34 69 35 69
6 62 7 62
8 28 8 29
33 43 32 43
39 12 39 13
4 30 3 30
4 1 4 0
45 66 44 66
33 45 33 46
14 24 14 23
46 6 47 6
6 64 5 64
31 25 31 26
20 41 21 41
2 71 2 70
15 50 15 51
38 73 37 73
15 33 14 33
5 62 4 62
29 26 28 26
24 49 25 49
4 6 5 6
39 14 38 14
17 34 17 33
35 63 35 64
9 30 9 31
9 45 8 45
2 62 2 61
17 68 18 68
49 23 48 23
16 68 16 69
45 62 46 62
40 48 41 48
9 9 8 9
5 68 6 68
24 72 25 72
3 14 3 15
45 11 44 11
16 12 16 13
11 1 11 0
39 42 39 41
31 39 31 38
9 57 10 57
25 68 26 68
48 48 48 47
14 47 15 47
44 52 44 53
45 23 46 23
15 29 14 29
16 68 17 68
38 24 38 23
49 58 49 59
33 60 33 61
3 8 3 7
18 74 19 74
30 43 30 44
8 13 9 13
24 58 24 59
27 50 27 49
36 18 36 17
13 8 13 9
4 7 4 8
4 17 3 17
22 47 22 48
13 15 13 14
3 45 3 44
45 53 44 53
36 27 36 28
44 32 44 33
32 68 32 67
39 58 38 58
46 12 46 11
14 68 13 68
16 40 16 39
4 5 5 5
40 33 41 33
21 4 20 4
42 67 42 66
47 63 48 63
3 22 3 21
28 12 29 12
12 10 12 11
5 74 5 73
40 17 39 17
25 72 25 71
26 12 25 12
22 8 21 8
23 27 22 27
4 24 4 25
44 55 45 55
30 33 30 34
32 52 32 51
9 20 8 20
27 22 28 22
37 45 36 45
27 21 28 21
10 52 9 52
29 56 30 56
37 57 36 57
8 14 9 14
1 49 1 48
38 28 38 27
21 32 22 32
44 19 44 20
26 23 26 24
12 36 11 36
47 45 48 45
40 51 39 51
16 66 16 67
39 24 39 23
17 52 17 53
38 38 39 38
34 58 35 58
0 61 1 61
17 0 16 0
38 72 38 71
8 39 8 38
11 55 11 54
21 20 20 20
22 14 22 15
25 30 25 31
5 43 5 44
22 54 22 53
6 4 7 4
42 48 42 47
38 36 39 36
33 19 33 20
44 28 44 27
7 51 7 52
0 26 1 26
8 33 8 34
2 30 2 31
34 13 33 13
26 6 26 7
42 21 42 22
34 6 33 6
40 35 41 35
29 31 28 31
38 41 38 40
37 41 37 42
17 49 17 48
18 28 18 27
22 37 22 38
33 39 32 39
18 33 19 33
16 69 17 69
35 36 35 37
37 66 36 66
43 4 43 3
24 16 23 16
7 11 7 10
2 54 1 54
25 3 25 4
39 37 39 36
36 7 36 8
6 25 5 25
32 12 33 12
14 45 14 44
23 19 23 18
2 53 2 52
7 30 7 29
40 56 41 56
38 22 39 22
27 11 28 11
1 19 2 19
3 46 4 46
0 10 0 11
29 10 29 9
25 64 25 65
8 71 8 72
46 36 46 35
14 27 13 27
46 29 47 29
10 8 10 9
26 31 27 31
31 9 31 8
12 37 12 38
12 66 12 67
8 2 8 1
14 25 15 25
3 66 3 67
43 49 43 48
39 52 40 52
37 33 36 33
8 45 8 46
16 58 17 58
36 67 36 68
20 52 21 52
27 43 28 43
45 73 46 73
18 67 18 68
20 12 21 12
9 26 10 26
27 65 27 64
34 48 33 48
26 66 25 66
37 2 38 2
41 24 42 24
49 1 49 0
5 21 6 21
29 14 28 14
17 61 16 61
43 50 44 50
33 63 33 64
34 52 35 52
7 45 8 45
7 44 7 43
2 51 2 50
48 57 48 58
36 53 36 54
14 46 14 45
32 11 33 11
0 70 0 71
36 31 36 30
24 15 24 14
38 74 39 74
3 4 4 4
47 16 47 15
15 4 16 4
29 19 29 20
18 3 18 2
19 6 18 6
7 17 7 16
25 69 24 69
10 34 10 33
15 13 16 13
47 32 47 33
37 31 37 30
2 71 2 72
21 1 21 2
37 71 36 71
40 67 40 68
15 52 14 52
49 2 48 2
48 37 49 37
21 29 21 30
26 29 25 29
8 41 7 41
31 70 31 71
35 66 34 66
36 29 36 28
15 44 14 44
27 62 26 62
34 11 35 11
44 9 44 10
46 60 46 61
5 18 5 17
20 26 20 25
8 14 8 13
15 17 15 18
22 19 23 19
32 52 31 52
18 36 19 36
44 57 44 58
25 53 25 52
9 33 8 33
12 41 13 41
1 66 0 66
47 8 46 8
39 55 40 55
43 64 42 64
10 8 9 8
40 4 41 4
4 54 5 54
31 66 31 67
27 5 27 4
28 69 28 70
18 47 18 46
33 44 33 43
42 58 41 58
31 38 31 37
2 53 2 54
33 10 32 10
19 66 19 65
13 45 13 46
40 48 40 47
8 43 8 42
19 53 19 52
40 72 39 72
8 28 9 28
39 40 39 41
26 59 25 59
29 23 30 23
41 40 41 41
20 49 20 48
24 45 25 45
32 30 31 30
19 63 19 64
22 47 23 47
28 61 29 61
46 40 46 41
5 19 4 19
37 11 37 12
18 8 18 9
19 59 19 60
23 58 23 59
25 18 25 19
49 37 49 38
25 11 25 10
7 16 6 16
32 62 33 62
14 20 13 20
21 9 21 8
45 4 45 3
44 48 45 48
38 22 37 22
22 49 22 48
36 48 35 48
38 24 39 24
39 58 39 59
30 65 29 65
35 29 35 30
36 2 36 1
25 48 25 47
22 19 21 19
6 59 6 60
26 56 26 57
13 17 13 18
40 57 39 57
29 73 28 73
9 28 9 29
28 15 28 16
43 1 43 2
44 26 43 26
28 59 28 58
11 51 10 51
41 68 42 68
18 47 19 47
5 56 6 56
35 37 36 37
20 55 19 55
34 51 34 52
33 56 33 57
2 14 3 14
2 52 1 52
21 68 22 68
49 63 48 63
25 21 25 22
33 58 34 58
5 3 5 2
33 14 34 14
37 64 36 64
42 74 43 74
8 51 7 51
10 28 10 29
17 51 16 51
18 50 18 49
43 52 43 53
49 11 49 12
20 68 19 68
47 1 46 1
26 38 26 37
9 7 9 6
23 66 24 66
28 53 29 53
38 73 39 73
42 66 43 66
13 34 14 34
5 10 4 10
5 32 4 32
34 5 33 5
32 8 32 7
21 42 21 43
34 65 33 65
47 7 46 7
19 1 20 1
43 39 43 40
45 21 46 21
8 51 8 50
42 13 42 14
29 70 29 69
4 68 3 68
14 52 14 53
15 29 15 30
22 26 23 26
28 59 27 59
20 69 20 70
22 11 22 12
28 42 29 42
48 54 48 53
42 53 43 53
24 26 23 26
21 55 21 56
12 25 12 26
6 22 6 21
39 28 39 29
43 21 43 20
39 72 39 73
16 22 16 21
45 14 45 15
27 61 27 60
31 60 31 59
0 33 1 33
29 47 30 47
29 4 29 3
42 20 42 19
46 38 45 38
1 29 0 29
20 45 20 46
19 17 19 18
22 46 21 46
31 54 31 53
14 5 14 4
5 61 5 62
21 15 21 14
38 57 38 56
34 6 35 6
25 9 25 8
14 54 14 53
3 51 3 50
22 56 22 55
1 20 0 20
39 0 39 1
49 73 49 74
40 14 40 15
1 23 1 22
8 65 8 66
12 43 12 44
33 53 33 54
3 4 3 3
34 68 34 67
28 67 28 66
12 57 12 56
31 58 30 58
34 10 35 10
20 19 21 19
13 31 12 31
33 41 33 40
4 20 4 21
5 24 5 25
4 33 3 33
4 12 4 11
18 59 19 59
5 19 5 20
17 41 16 41
18 31 18 32
41 21 41 20
17 53 16 53
49 8 49 7
24 12 24 13
41 18 41 19
42 11 42 12
26 43 25 43
20 10 20 9
36 30 36 29
34 48 34 47
49 64 49 63
34 33 33 33
43 34 42 34
12 8 11 8
21 51 21 52
33 18 32 18
29 19 28 19
47 64 48 64
6 52 6 53
23 37 22 37
31 36 31 35
38 47 39 47
47 65 48 65
16 54 16 55
47 27 47 26
23 10 23 11
10 17 9 17
17 14 18 14
10 72 11 72
12 20 13 20
37 3 36 3
2 16 3 16
30 57 31 57
15 16 16 16
48 11 48 10
24 73 24 74
28 60 28 59
46 72 46 73
27 52 27 53
3 4 3 5
48 21 48 20
0 47 1 47
14 12 14 13
19 62 19 61
16 36 16 37
11 17 11 16
30 63 29 63
2 16 1 16
19 71 18 71
47 20 47 19
24 70 24 71
35 34 36 34
37 5 38 5
2 49 3 49
38 12 38 11
11 42 11 41
10 44 10 45
9 38 9 39
12 17 12 18
33 66 33 67
2 18 3 18
48 67 49 67
40 19 40 20
20 59 19 59
18 45 18 46
29 55 29 56
33 66 34 66
33 30 33 31
6 65 7 65
48 42 47 42
13 37 13 36
24 52 24 51
7 72 7 73
15 71 16 71
23 54 22 54
21 63 21 64
37 69 38 69
20 69 21 69
47 59 47 60
5 50 6 50
29 2 30 2
23 61 22 61
25 14 25 13
2 31 1 31
8 29 7 29
6 1 5 1
10 15 9 15
3 35 3 36
39 10 38 10
38 17 37 17
48 71 48 70
13 19 14 19
0 47 0 46
31 49 31 50
34 34 34 33
44 40 44 41
43 51 43 50
37 56 37 55
29 45 29 44
28 10 29 10
7 36 7 35
30 1 29 1
12 32 13 32
0 17 1 17
19 61 19 60
42 31 42 30
32 74 32 73
18 28 17 28
23 1 23 2
46 31 46 32
15 20 15 21
38 45 39 45
18 67 19 67
17 11 16 11
43 43 44 43
1 25 1 24
30 20 30 19
22 68 22 67
24 43 24 42
3 64 2 64
7 57 8 57
21 47 21 48
27 17 27 18
21 59 22 59
47 52 46 52
43 29 43 28
36 11 36 12
12 33 12 34
27 10 28 10
16 40 15 40
15 72 15 73
28 23 29 23
12 20 11 20
35 17 36 17
48 35 48 34
41 73 41 72
28 62 28 63
34 14 35 14
36 57 35 57
28 50 28 51
28 35 28 36
26 65 26 64
40 5 41 5
41 15 42 15
20 40 19 40
29 32 28 32
0 62 1 62
7 71 6 71
25 35 25 34
7 63 7 62
13 68 13 67
17 69 17 70
15 53 14 53
31 5 32 5
8 32 7 32
20 16 20 17
49 42 49 43
9 74 10 74
20 64 19 64
19 31 19 30
30 67 29 67
19 7 18 7
5 15 5 16
26 35 26 34
22 60 23 60
29 71 30 71
23 43 23 42
36 13 35 13
48 74 49 74
46 29 45 29
25 21 26 21
5 67 6 67
16 72 17 72
48 2 48 3
27 52 26 52
20 14 19 14
46 60 46 59
41 13 41 14
36 43 35 43
14 34 15 34
31 20 32 20
10 16 11 16
1 41 0 41
13 43 12 43
20 63 21 63
43 33 43 32
14 56 14 55
19 49 19 50
46 37 47 37
15 27 16 27
33 33 33 32
27 45 27 46
21 48 22 48
44 38 44 39
20 58 20 57
42 45 41 45
35 39 36 39
43 35 44 35
17 2 16 2
27 13 26 13
35 67 34 67
33 14 33 15
23 10 24 10
34 5 34 4
7 67 7 68
14 36 14 37
5 48 6 48
21 41 21 40
0 58 1 58
5 12 6 12
21 22 20 22
17 56 17 57
15 15 15 14
24 73 23 73
37 14 36 14
19 21 20 21
43 18 43 19
5 18 4 18
19 48 20 48
23 21 23 20
44 5 45 5
7 24 6 24
7 64 6 64
10 41 10 40
8 53 8 52
43 24 42 24
0 18 0 19
24 0 23 0
32 71 31 71
4 71 4 70
25 15 24 15
28 74 29 74
41 56 41 57
44 19 43 19
15 47 15 46
40 24 40 25
17 58 17 57
42 64 42 63
21 19 21 18
49 60 49 59
43 30 43 31
29 53 29 52
42 45 42 46
5 52 6 52
13 67 13 66
23 12 23 13
4 32 4 31
29 74 30 74
49 22 49 23
18 21 18 22
45 66 45 67
44 20 45 20
19 63 18 63
46 61 47 61
23 34 24 34
33 70 34 70
10 39 10 38
6 37 5 37
36 6 36 5
44 27 44 26
7 20 7 19
7 68 7 69
42 13 41 13
6 47 7 47
21 5 21 4
4 68 5 68
13 44 13 43
38 3 39 3
48 26 48 27
49 18 48 18
23 7 23 6
16 38 16 39
2 11 3 11
26 67 26 66
30 26 30 25
37 1 36 1
20 16 21 16
25 5 25 6
24 53 23 53
2 55 3 55
45 28 44 28
0 71 0 72
30 73 31 73
41 49 41 48
22 5 22 4
15 19 14 19
15 20 15 19
18 42 19 42
27 43 27 42
10 41 11 41
13 15 13 16
42 33 43 33
0 6 1 6
28 17 27 17
35 10 36 10
25 3 24 3
31 32 30 32
18 43 19 43
4 33 5 33
25 53 26 53
15 28 15 27
47 4 48 4
45 44 45 45
38 44 38 45
23 37 23 38
1 70 0 70
4 38 4 37
26 19 25 19
11 34 10 34
17 58 18 58
2 17 3 17
32 70 33 70
18 21 19 21
37 35 37 36
36 27 37 27
14 57 14 58
1 21 1 20
33 51 33 50
34 6 34 5
24 38 24 37
36 8 35 8
34 11 34 10
28 4 27 4
42 42 43 42
27 72 26 72
47 48 46 48
48 56 49 56
21 42 20 42
39 43 40 43
2 54 2 55
17 15 17 14
14 21 14 22
33 38 32 38
39 33 39 32
47 35 46 35
14 9 15 9
30 35 30 34
24 33 23 33
47 22 47 23
37 26 37 27
11 68 10 68
15 45 15 44
0 60 0 61
41 9 41 8
6 26 7 26
47 56 46 56
44 30 44 29
35 29 34 29
45 68 45 69
10 30 10 29
43 68 44 68
36 19 36 20
36 37 36 38
26 69 26 70
0 41 0 42
11 62 12 62
30 47 30 46
47 18 46 18
18 5 18 4
33 67 32 67
29 28 28 28
38 17 38 16
4 6 4 5
38 36 38 35
3 11 3 10
2 38 2 39
37 2 37 1
17 0 18 0
29 29 30 29
30 67 31 67
3 45 4 45
47 9 48 9
20 63 19 63
43 11 42 11
7 25 7 24
21 42 21 41
23 21 22 21
33 1 33 2
16 4 17 4
7 49 6 49
12 69 13 69
49 31 49 32
1 71 0 71
25 17 25 18
29 16 29 15
14 33 14 34
37 25 37 26
23 9 24 9
20 23 20 24
30 16 29 16
41 42 41 43
40 69 40 70
44 50 44 49
1 52 1 53
39 41 38 41
31 42 31 41
47 12 47 11
0 38 0 37
45 7 45 6
9 29 10 29
16 1 17 1
2 29 2 30
13 24 14 24
19 32 20 32
39 59 38 59
27 8 26 8
34 40 35 40
13 59 12 59
31 61 31 60
3 5 3 6
18 20 18 21
23 7 22 7
6 69 6 70
19 9 19 10
32 42 33 42
2 47 3 47
12 65 11 65
30 35 29 35
10 9 11 9
49 9 49 10
46 66 45 66
7 12 7 11
36 48 36 49
10 14 10 15
32 50 31 50
18 19 19 19
48 21 48 22
13 42 12 42
46 49 46 48
16 3 17 3
12 1 12 0
8 11 8 12
23 25 22 25
36 71 36 72
32 34 31 34
19 55 19 56
23 30 23 29
47 41 47 42
47 39 48 39
7 15 6 15
36 1 36 0
3 58 4 58
19 1 18 1
9 67 9 66
1 16 1 15
21 11 22 11
14 47 13 47
21 71 21 70
30 26 31 26
2 6 1 6
15 32 14 32
44 8 45 8
14 6 13 6
13 22 14 22
22 68 23 68
17 74 18 74
4 47 4 48
11 62 11 61
32 23 32 22
41 61 41 62
49 35 48 35
10 4 10 5
4 67 5 67
11 51 12 51
36 20 35 20
13 39 13 38
25 48 24 48
16 54 15 54
27 11 26 11
29 0 28 0
45 19 45 20
18 32 18 33
1 35 1 34
47 17 47 18
24 19 23 19
47 38 47 39
15 12 15 11
43 67 44 67
38 46 39 46
9 42 10 42
46 37 46 36
28 54 29 54
49 57 48 57
10 6 9 6
24 56 23 56
13 28 13 27
34 20 33 20
3 65 3 64
11 5 11 4
19 42 19 43
22 63 21 63
9 66 9 65
41 15 41 14
9 50 8 50
22 2 23 2
5 67 5 66
37 43 37 42
6 14 5 14
11 73 10 73
46 0 47 0
23 25 24 25
32 5 32 4
23 32 23 31
38 56 39 56
48 15 48 16
21 61 21 60
25 43 24 43
46 41 45 41
23 53 23 52
7 16 8 16
12 64 12 65
6 66 5 66
15 32 15 31
48 5 48 6
46 53 46 52
24 24 23 24
45 21 45 22
4 31 5 31
45 43 44 43
5 24 6 24
42 41 43 41
19 40 18 40
13 13 14 13
20 37 19 37
14 62 15 62
28 46 29 46
48 73 48 72
45 49 45 48
32 18 32 19
4 63 4 62
7 53 7 54
14 51 14 52
31 47 32 47
14 32 13 32
5 57 5 56
37 5 37 4
18 64 18 65
16 18 17 18
8 42 8 41
29 22 28 22
5 61 4 61
22 61 22 62
27 19 28 19
11 60 10 60
35 42 36 42
12 52 12 51
18 53 17 53
35 64 36 64
16 17 17 17
1 32 1 33
43 18 44 18
19 17 20 17
25 37 25 38
48 53 47 53
19 65 20 65
14 8 14 7
16 9 16 10
42 37 43 37
14 31 13 31
47 37 47 36
21 56 20 56
48 33 48 34
4 7 5 7
18 51 18 50
0 3 0 4
49 69 49 68
40 11 40 10
36 5 35 5
39 17 39 18
44 15 44 14
44 15 45 15
1 65 2 65
39 64 39 65
12 7 11 7
20 18 19 18
17 10 16 10
45 51 46 51
37 48 37 49
48 48 48 49
39 44 39 43
11 70 12 70
11 59 12 59
7 48 6 48
17 32 18 32
23 46 24 46
17 36 17 37
4 34 4 35
36 26 36 27
35 62 35 61
1 25 0 25
2 6 2 7
47 48 48 48
46 71 46 72
42 16 43 16
8 19 7 19
7 5 6 5
21 24 21 23
7 54 8 54
16 44 16 45
30 52 30 53
30 2 30 1
7 60 7 61
20 25 21 25
36 7 37 7
9 55 8 55
8 14 7 14
12 19 11 19
42 32 42 33
20 48 21 48
4 44 4 45
26 42 27 42
44 30 43 30
43 72 42 72
8 4 7 4
25 63 25 62
8 18 9 18
45 25 45 26
43 21 42 21
42 9 41 9
23 33 23 34
23 16 22 16
32 61 32 62
16 11 15 11
7 22 7 21
34 43 35 43
7 38 7 39
49 9 48 9
44 37 43 37
7 56 8 56
17 5 17 6
22 15 23 15
27 8 28 8
44 66 44 67
7 50 8 50
22 34 23 34
12 8 12 7
38 55 38 54
34 24 33 24
46 47 45 47
47 24 46 24
11 70 11 69
45 3 44 3
17 64 18 64
44 37 45 37
35 65 34 65
33 5 33 4
12 73 11 73
19 22 18 22
31 41 31 40
4 36 5 36
30 48 31 48
18 31 17 31
13 44 13 45
32 45 32 44
41 11 40 11
4 26 5 26
47 72 47 73
42 4 41 4
1 60 1 59
0 40 0 39
13 48 13 49
1 58 1 57
5 7 6 7
21 0 20 0
14 57 14 56
26 29 26 28
14 72 14 73
7 25 8 25
46 68 46 69
44 6 45 6
10 10 10 9
37 15 36 15
34 54 33 54
35 47 36 47
39 64 40 64
30 74 30 73
23 54 23 55
45 4 46 4
35 67 35 66
33 47 33 46
8 11 9 11
2 68 2 69
31 66 31 65
43 17 44 17
49 2 49 3
20 36 19 36
29 50 30 50
12 10 12 9
7 20 6 20
29 31 29 32
23 35 23 36
35 16 35 17
25 59 24 59
37 57 38 57
31 29 31 30
42 8 41 8
7 70 7 71
16 55 15 55
49 36 49 37
44 11 43 11
34 71 33 71
40 23 40 24
16 59 17 59
41 41 42 41
5 10 6 10
20 44 20 43
21 60 22 60
46 60 47 60
41 65 42 65
48 55 47 55
14 71 15 71
44 63 44 62
4 6 4 7
20 11 21 11
22 32 22 33
22 55 22 54
28 26 27 26
21 28 20 28
24 21 24 20
28 44 28 43
4 35 4 36
4 29 4 28
13 60 12 60
16 7 17 7
4 30 5 30
38 54 37 54
33 7 33 8
40 53 40 52
5 30 5 29
46 64 45 64
28 18 27 18
25 34 25 33
28 2 28 3
44 8 44 7
43 21 44 21
48 57 48 56
16 30 15 30
26 40 27 40
27 36 27 37
41 66 41 65
8 43 8 44
36 71 36 70
9 59 8 59
12 16 13 16
8 40 9 40
20 6 21 6
29 40 29 41
0 28 0 27
45 24 46 24
26 12 27 12
30 23 30 24
41 35 42 35
2 47 2 48
42 52 41 52
1 2 1 3
10 49 9 49
10 52 10 51
48 32 48 33
22 23 22 22
38 27 37 27
28 52 28 53
8 6 9 6
44 49 43 49
47 27 47 28
10 74 10 73
31 47 30 47
25 71 25 70
4 60 4 61
18 51 19 51
47 55 47 56
3 13 3 14
7 59 7 58
38 8 37 8
37 0 36 0
28 56 28 55
1 33 2 33
26 57 26 58
2 54 3 54
30 10 31 10
17 17 17 18
2 8 1 8
41 22 40 22
17 50 17 51
2 64 2 65
9 33 10 33
1 12 1 11
27 29 27 28
40 21 39 21
4 15 5 15
0 58 0 59
26 72 26 71
29 33 28 33
12 11 11 11
45 73 45 72
21 68 21 69
25 74 26 74
41 56 41 55
3 9 3 10
47 14 47 15
26 3 26 2
19 63 19 62
47 8 47 7
33 7 33 6
2 73 1 73
45 26 46 26
11 50 12 50
36 28 37 28
21 24 20 24
29 71 28 71
12 61 12 62
26 46 26 45
32 8 32 9
42 15 42 16
30 53 29 53
48 25 48 26
30 6 29 6
21 70 20 70
15 67 15 66
31 20 31 21
0 49 1 49
1 8 1 7
30 72 31 72
10 4 11 4
43 55 43 54
3 62 3 61
35 33 34 33
4 1 5 1
19 57 19 58
48 38 48 39
32 58 32 57
10 3 9 3
26 19 27 19
9 25 8 25
10 45 11 45
8 2 7 2
7 27 7 26
39 53 39 52
27 38 27 37
13 73 13 72
42 27 43 27
36 24 37 24
18 32 19 32
35 41 34 41
16 8 16 9
21 5 20 5
6 5 5 5
48 43 48 44
40 4 40 3
3 72 4 72
43 9 44 9
12 27 13 27
10 70 10 69
49 61 48 61
5 44 6 44
27 50 28 50
41 41 41 42
5 19 5 18
27 39 28 39
16 1 15 1
12 12 13 12
16 71 16 72
25 29 25 28
47 30 47 29
24 34 24 35
44 26 45 26
38 28 38 29
3 15 2 15
15 56 15 55
13 47 13 46
21 74 20 74
6 20 5 20
36 17 36 16
35 65 36 65
2 42 2 41
36 55 35 55
46 33 46 34
43 0 42 0
30 64 30 63
5 63 4 63
2 46 2 47
33 35 33 36
43 70 42 70
35 49 35 48
38 35 39 35
22 6 21 6
46 26 46 27
3 8 3 9
8 24 7 24
40 56 40 57
45 8 46 8
45 18 44 18
27 74 28 74
6 62 6 63
18 61 18 60
16 57 17 57
14 38 15 38
28 21 28 20
29 13 28 13
21 33 20 33
10 56 10 57
27 0 26 0
27 52 28 52
14 20 15 20
27 14 27 13
0 70 0 69
31 69 31 68
4 37 3 37
29 66 29 65
28 65 27 65
40 18 40 19
40 34 39 34
45 41 44 41
16 18 16 19
25 24 26 24
46 51 46 50
45 7 45 8
46 11 46 10
40 68 40 69
16 39 17 39
0 5 0 4
4 28 5 28
1 72 2 72
11 44 11 43
39 50 39 51
11 15 11 14
41 64 42 64
38 56 38 55
26 56 26 55
7 37 7 36
18 49 17 49
12 5 12 4
16 66 15 66
13 35 13 36
9 26 9 27
40 24 41 24
38 19 38 20
13 69 14 69
10 56 9 56
31 70 31 69
39 52 38 52
42 57 42 58
2 66 1 66
19 62 20 62
47 52 48 52
14 65 15 65
3 48 4 48
26 27 26 28
41 16 41 15
40 34 41 34
24 8 23 8
18 35 17 35
32 17 33 17
2 8 2 9
0 51 0 50
5 41 5 40
37 33 37 32
31 64 32 64
17 34 18 34
44 12 43 12
47 74 46 74
45 49 45 50
2 58 2 59
37 47 37 46
30 48 29 48
29 6 28 6
48 24 47 24
2 68 2 67
34 8 34 7
8 37 9 37
0 15 0 14
1 4 1 3
34 59 34 58
41 40 40 40
12 13 13 13
19 65 19 64
29 62 29 61
25 25 25 24
34 28 33 28
15 38 15 37
46 54 46 55
9 44 9 45
21 40 21 39
27 33 27 34
23 18 24 18
7 22 8 22
6 21 6 20
8 49 8 50
22 4 23 4
13 6 12 6
43 63 42 63
11 71 10 71
26 63 26 62
23 44 22 44
41 18 42 18
2 28 2 29
44 41 43 41
31 12 31 11
42 54 41 54
27 65 27 66
11 26 11 25
29 62 29 63
33 32 32 32
35 59 34 59
47 55 47 54
40 61 41 61
21 31 21 30
16 60 15 60
35 73 36 73
34 52 33 52
25 44 26 44
17 6 16 6
38 30 37 30
3 70 2 70
38 59 38 60
10 46 10 45
46 4 47 4
23 9 23 10
39 34 39 33
39 53 38 53
24 19 25 19
19 30 19 29
30 55 29 55
6 13 6 14
34 13 35 13
32 41 33 41
24 41 23 41
33 19 34 19
49 12 49 13
49 72 49 73
27 23 27 22
27 68 28 68
3 7 4 7
35 48 34 48
22 41 22 40
13 2 13 1
44 3 43 3
2 4 1 4
29 58 29 57
48 12 47 12
3 40 3 41
24 37 24 36
31 6 31 7
32 29 33 29
37 19 37 18
30 14 29 14
18 74 18 73
23 50 24 50
49 53 49 52
7 12 7 13
23 63 22 63
12 71 11 71
10 3 10 2
20 50 20 51
44 38 43 38
9 7 9 8
41 63 42 63
21 53 21 54
32 65 31 65
37 15 37 14
42 61 41 61
17 59 17 60
41 69 41 68
16 56 16 57
45 32 44 32
39 25 39 26
24 73 25 73
28 55 28 54
37 6 38 6
41 21 41 22
20 15 21 15
16 48 15 48
27 16 27 15
9 53 10 53
9 2 10 2
9 72 9 73
30 9 31 9
46 74 45 74
47 65 46 65
44 43 44 44
49 17 49 18
26 35 25 35
11 38 11 39
11 43 11 42
1 14 1 15
0 64 0 63
18 8 17 8
48 19 47 19
33 20 32 20
46 9 46 10
19 19 19 18
44 42 43 42
13 45 12 45
33 48 32 48
19 0 20 0
1 68 1 69
49 41 48 41
24 1 23 1
35 73 35 74
26 67 25 67
3 55 3 56
4 26 3 26
20 72 20 71
44 73 43 73
28 47 28 46
36 9 36 8
34 40 34 39
48 10 47 10
8 15 8 14
14 70 15 70
17 65 17 66
21 59 21 58
46 14 47 14
38 47 38 46
31 59 31 58
24 35 24 36
34 69 34 68
1 45 1 44
21 3 21 2
8 42 9 42
46 37 45 37
6 33 7 33
39 6 38 6
6 50 6 49
48 74 48 73
4 10 4 9
25 64 26 64
34 37 34 38
32 70 31 70
26 68 26 69
6 40 5 40
16 15 16 14
0 21 0 20
45 46 46 46
0 2 0 3
1 5 0 5
2 46 2 45
21 73 20 73
30 36 30 35
46 17 46 18
21 60 20 60
41 62 40 62
32 34 32 35
18 63 17 63
43 63 44 63
30 15 30 16
39 13 40 13
16 43 16 44
38 38 37 38
23 54 23 53
30 17 30 16
13 2 14 2
23 70 22 70
40 39 41 39
46 71 45 71
24 36 25 36
2 52 3 52
25 37 26 37
44 60 44 59
25 68 25 67
19 56 18 56
36 73 36 72
12 69 12 70
48 46 48 47
3 40 4 40
36 61 36 62
30 38 31 38
41 7 41 6
43 6 42 6
15 22 15 23
16 65 17 65
7 14 7 13
26 33 27 33
45 53 45 52
9 71 8 71
41 25 42 25
45 47 45 46
8 2 9 2
36 18 37 18
26 22 26 21
30 51 31 51
0 23 0 24
3 57 2 57
38 44 39 44
4 4 5 4
32 16 32 15
0 19 0 20
6 72 6 73
2 27 1 27
32 54 33 54
41 10 40 10
22 13 22 14
4 60 3 60
3 0 2 0
49 54 48 54
0 13 1 13
19 41 20 41
3 72 3 71
13 24 12 24
25 57 25 58
35 50 35 51
6 74 5 74
27 28 26 28
46 58 45 58
9 10 10 10
41 54 41 53
47 59 47 58
26 72 26 73
48 59 47 59
48 16 47 16
11 18 11 19
34 41 34 40
41 55 41 54
12 73 12 74
25 46 25 47
36 74 36 73
43 9 43 8
14 4 14 3
49 66 48 66
46 34 47 34
1 73 0 73
39 74 40 74
9 62 9 63
29 11 28 11
26 47 26 48
29 47 28 47
35 40 35 39
9 56 9 55
14 30 14 31
15 66 15 65
7 63 7 64
16 17 16 16
37 14 38 14
32 51 31 51
25 24 24 24
8 9 8 10
28 18 29 18
29 32 30 32
28 37 27 37
13 55 13 56
38 32 37 32
26 70 25 70
41 29 40 29
46 74 46 73
43 4 43 5
18 20 17 20
36 22 35 22
42 39 43 39
32 26 33 26
24 20 23 20
41 65 40 65
44 23 43 23
40 21 40 20
45 39 45 40
40 9 39 9
41 20 40 20
5 14 4 14
3 32 3 31
46 32 47 32
42 1 42 0
19 8 18 8
36 10 36 9
31 8 31 7
5 28 5 29
0 1 0 2
34 68 35 68
45 51 44 51
23 19 23 20
10 14 9 14
4 1 3 1
7 42 6 42
19 49 18 49
37 50 37 51
11 6 10 6
17 27 17 28
11 52 10 52
4 8 4 9
46 66 46 65
11 35 10 35
2 16 2 17
42 55 42 56
6 65 6 66
22 20 21 20
38 22 38 21
30 43 31 43
23 4 24 4
32 40 33 40
27 40 28 40
1 34 0 34
42 51 42 52
21 58 22 58
41 32 41 33
18 7 18 8
6 32 7 32
42 11 42 10
26 64 26 63
24 58 24 57
17 43 17 42
23 23 23 22
22 66 23 66
4 14 3 14
25 51 25 50
15 35 15 34
30 8 30 7
18 2 18 1
22 1 21 1
8 16 8 15
24 40 23 40
46 67 47 67
37 43 36 43
8 17 8 18
38 25 38 26
47 69 48 69
19 18 18 18
32 61 33 61
26 73 25 73
45 54 45 55
42 14 43 14
18 11 18 10
2 32 2 33
3 48 3 49
27 31 27 32
37 64 38 64
47 72 46 72
16 47 16 48
40 51 40 52
44 25 44 26
13 16 13 17
14 5 14 6
38 49 37 49
15 20 16 20
33 11 34 11
16 11 16 12
44 68 44 67
17 7 18 7
12 59 12 58
49 28 49 29
3 13 3 12
31 50 30 50
11 41 11 40
20 59 20 60
20 29 20 28
14 73 13 73
40 53 41 53
43 18 43 17
22 62 21 62
6 13 6 12
28 72 28 71
23 61 23 60
19 31 19 32
2 43 2 42
44 28 43 28
31 25 32 25
8 31 8 32
39 68 38 68
9 48 9 47
28 71 27 71
41 17 41 18
16 70 15 70
17 74 17 73
12 49 12 48
35 46 35 45
22 57 21 57
39 62 39 61
36 42 36 41
35 59 35 60
40 28 39 28
43 65 44 65
16 46 16 47
32 28 31 28
4 40 4 39
6 6 5 6
15 44 16 44
14 29 14 30
15 22 15 21
6 15 6 16
46 33 45 33
17 51 17 52
9 33 9 32
42 3 41 3
12 35 13 35
27 8 27 7
9 72 8 72
28 64 28 65
38 42 37 42
23 61 23 62
41 47 40 47
6 53 6 54
16 42 17 42
36 60 35 60
7 50 6 50
26 25 25 25
3 40 3 39
20 56 20 57
2 38 3 38
20 9 20 8
35 20 34 20
14 70 14 71
16 54 16 53
35 57 35 56
42 26 42 27
46 23 46 24
42 29 42 30
39 49 40 49
5 53 6 53
19 73 19 74
38 8 38 9
45 50 46 50
39 66 40 66
8 54 8 53
29 73 29 72
44 45 43 45
44 12 44 11
35 28 34 28
43 19 43 20
13 40 13 41
4 54 4 55
26 15 26 16
5 21 4 21
38 42 38 43
9 22 8 22
23 7 24 7
13 28 13 29
3 23 4 23
5 18 6 18
46 28 45 28
43 44 43 43
35 16 35 15
16 2 16 3
21 46 21 47
16 2 15 2
16 8 16 7
12 54 13 54
20 31 19 31
12 55 12 56
35 26 36 26
48 13 48 12
49 13 48 13
30 42 31 42
31 45 32 45
24 32 24 31
20 54 21 54
46 66 47 66
28 9 27 9
19 29 18 29
46 2 45 2
5 53 5 54
46 9 46 8
12 17 11 17
20 10 21 10
43 21 43 22
36 19 35 19
15 2 15 3
7 56 7 55
24 58 23 58
44 31 44 30
34 51 33 51
25 25 24 25
36 6 36 7
23 49 23 48
42 61 42 62
25 16 25 15
38 0 37 0
25 0 25 1
27 69 26 69
11 19 11 20
22 34 22 33
6 26 5 26
31 64 30 64
36 38 35 38
27 64 27 63
24 52 23 52
8 36 9 36
14 8 14 9
48 63 48 64
49 45 48 45
47 49 46 49
13 34 12 34
24 51 25 51
44 59 45 59
17 46 16 46
28 61 28 60
4 72 5 72
17 57 18 57
42 41 42 40
21 55 21 54
7 60 6 60
4 16 4 15
41 54 40 54
10 73 10 72
25 11 25 12
38 21 39 21
15 40 14 40
16 26 16 25
40 32 39 32
37 38 36 38
34 30 35 30
0 59 0 60
7 9 7 10
23 65 23 66
34 62 34 61
25 2 26 2
29 17 28 17
48 51 49 51
7 28 8 28
20 3 20 2
8 55 8 56
31 29 32 29
6 65 5 65
32 46 32 47
19 44 20 44
13 1 14 1
5 23 5 22
17 39 17 40
17 70 17 71
44 52 43 52
41 13 40 13
21 49 21 50
46 53 45 53
27 62 27 63
38 54 39 54
30 17 31 17
19 48 19 49
6 24 6 23
3 45 3 46
17 16 17 15
26 36 27 36
40 0 40 1
45 32 45 31
38 51 38 50
28 58 28 57
15 41 14 41
24 17 25 17
15 26 14 26
34 1 34 0
23 74 23 73
34 42 34 41
13 57 13 58
23 59 23 60
10 29 11 29
32 20 32 21
9 19 9 20
17 44 16 44
44 11 44 10
22 45 21 45
3 18 3 19
15 4 15 3
30 18 30 17
6 7 6 8
36 4 35 4
33 43 33 42
46 63 47 63
35 54 35 55
26 6 26 5
41 38 40 38
10 59 10 60
11 66 11 67
31 65 31 64
43 4 44 4
8 65 9 65
33 19 32 19
40 70 41 70
35 10 35 9
12 47 13 47
0 26 0 27
14 16 14 15
9 17 9 18
10 35 9 35
20 36 20 37
25 0 24 0
41 50 42 50
39 17 39 16
2 1 2 0
30 38 30 37
36 61 36 60
22 63 22 64
48 22 48 23
13 3 13 4
27 50 26 50
20 21 20 22
38 16 38 15
7 18 7 19
38 70 38 69
33 37 32 37
44 15 44 16
4 27 5 27
48 18 48 19
31 57 32 57
4 56 5 56
30 55 31 55
5 49 5 48
34 70 34 69
37 50 37 49
30 62 29 62
34 45 33 45
33 24 33 23
19 73 19 72
47 53 46 53
22 14 23 14
15 1 15 2
48 64 48 65
8 64 8 63
10 63 10 64
13 60 13 61
11 3 11 4
12 38 12 39
3 12 3 11
33 69 33 68
35 18 36 18
29 9 28 9
23 23 23 24
34 34 35 34
6 57 6 56
1 62 1 61
6 23 7 23
26 15 26 14
31 34 31 35
5 25 5 26
42 60 42 61
42 2 43 2
37 26 38 26
29 21 28 21
44 31 45 31
27 66 28 66
42 74 41 74
9 40 9 41
41 28 41 27
9 31 9 32
9 46 8 46
13 69 13 68
49 11 49 10
18 16 19 16
24 49 24 48
8 67 8 68
45 2 45 1
27 44 28 44
40 8 40 7
13 22 13 23
44 68 45 68
48 50 49 50
44 47 43 47
8 38 8 37
28 20 29 20
47 42 47 43
27 22 26 22
10 68 10 67
12 14 11 14
21 9 22 9
5 64 4 64
45 54 45 53
34 27 35 27
39 50 38 50
14 64 15 64
47 17 48 17
19 47 19 48
38 20 39 20
1 59 0 59
27 41 27 40
2 28 3 28
12 36 12 35
16 61 15 61
45 65 45 66
29 47 29 48
28 23 27 23
31 17 32 17
19 52 19 51
49 65 48 65
31 4 31 3
8 68 7 68
27 2 26 2
34 35 34 34
21 2 20 2
27 46 26 46
11 47 11 46
8 63 7 63
11 23 10 23
5 4 6 4
38 66 39 66
29 10 29 11
11 65 10 65
22 43 21 43
4 3 4 4
9 65 10 65
34 22 34 23
10 6 10 7
25 5 26 5
7 66 7 65
1 72 1 73
9 33 9 34
41 17 41 16
48 38 49 38
36 15 35 15
38 30 39 30
26 10 26 9
29 7 29 6
10 39 9 39
33 48 33 47
43 59 43 60
46 25 46 26
34 26 34 25
22 31 23 31
3 18 4 18
1 55 2 55
22 24 22 23
29 13 29 12
4 21 4 22
38 46 37 46
11 68 12 68
41 46 42 46
38 24 37 24
2 74 1 74
16 40 16 41
20 18 20 19
42 31 41 31
13 45 14 45
20 13 19 13
25 32 25 33
22 2 22 3
40 26 39 26
47 51 46 51
0 28 1 28
28 61 27 61
1 65 0 65
34 64 33 64
17 13 16 13
3 69 3 70
7 14 6 14
3 42 3 43
28 35 29 35
46 60 45 60
29 30 29 29
0 14 1 14
40 38 39 38
49 48 48 48
10 53 10 54
17 6 17 7
22 52 21 52
4 9 5 9
14 58 13 58
37 19 37 20
7 61 8 61
38 12 38 13
18 63 18 64
6 28 5 28
8 61 8 62
47 25 47 24
0 72 0 73
47 37 47 38
22 27 22 28
32 26 32 27
19 11 19 12
34 9 33 9
40 50 39 50
33 34 32 34
14 33 13 33
29 45 28 45
16 37 15 37
25 56 25 57
42 50 42 51
6 11 6 12
23 72 23 73
36 63 35 63
38 70 37 70
41 19 40 19
40 51 41 51
39 34 38 34
7 31 8 31
13 19 13 18
5 64 5 63
26 7 25 7
38 71 37 71
33 42 34 42
1 10 0 10
28 29 29 29
38 12 39 12
49 27 49 28
46 38 47 38
9 50 10 50
9 39 9 40
21 36 21 35
13 3 13 2
30 4 29 4
27 29 28 29
46 4 46 3
30 66 29 66
26 44 26 43
43 59 42 59
15 40 15 41
22 36 23 36
17 67 18 67
12 65 12 66
3 46 3 47
30 32 30 33
23 50 22 50
22 45 22 46
24 44 23 44
35 35 35 34
26 51 25 51
18 38 19 38
15 5 15 4
5 61 5 60
43 36 44 36
40 8 39 8
9 60 10 60
47 11 46 11
7 2 6 2
42 7 43 7
41 26 41 25
19 16 19 15
37 66 37 67
0 38 1 38
1 48 0 48
12 42 11 42
8 66 8 67
21 67 22 67
46 56 46 55
14 28 15 28
36 55 37 55
32 22 33 22
27 6 27 7
7 9 7 8
30 29 31 29
10 2 10 1
36 40 36 39
18 6 18 7
18 18 17 18
32 40 32 39
21 22 22 22
28 25 27 25
28 34 28 35
33 55 33 56
41 31 40 31
22 49 22 50
7 7 8 7
19 35 18 35
18 13 18 14
28 46 28 45
23 22 22 22
26 42 25 42
19 10 18 10
20 7 20 6
14 62 14 61
25 30 26 30
48 35 47 35
25 60 24 60
5 9 5 8
13 0 13 1
47 19 47 18
37 73 36 73
9 42 9 43
14 35 14 34
43 15 43 16
14 24 15 24
19 62 18 62
33 59 34 59
14 74 13 74
45 28 45 29
3 47 4 47
24 66 24 65
7 30 7 31
19 26 20 26
36 61 37 61
21 50 20 50
30 11 31 11
27 58 28 58
41 71 40 71
48 69 48 68
47 1 47 2
45 73 44 73
33 17 34 17
31 56 30 56
21 23 22 23
44 21 45 21
48 50 48 49
26 30 26 31
32 31 32 32
25 41 25 42
2 44 2 45
26 6 27 6
30 52 30 51
45 10 45 9
12 39 13 39
26 4 26 3
1 51 0 51
20 47 19 47
26 55 26 54
38 63 39 63
22 17 21 17
29 67 29 68
22 26 22 25
19 1 19 2
37 6 37 5
41 44 41 43
11 21 10 21
17 12 17 11
42 73 41 73
22 19 22 20
20 57 21 57
47 63 47 62
32 9 31 9
40 28 40 27
36 67 37 67
30 61 30 62
24 8 25 8
39 38 39 39
27 48 26 48
34 44 35 44
33 8 33 9
8 30 8 29
31 70 30 70
12 72 13 72
3 10 2 10
49 44 48 44
10 1 11 1
22 13 23 13
31 71 31 72
3 69 3 68
2 40 2 41
31 54 30 54
40 14 39 14
20 39 21 39
38 29 37 29
24 46 24 45
4 73 4 72
15 32 16 32
45 56 45 57
4 59 3 59
19 44 18 44
3 50 3 49
39 70 38 70
10 44 9 44
48 6 49 6
34 9 34 8
27 59 26 59
18 13 18 12
12 72 12 71
5 55 5 56
6 45 7 45
39 15 38 15
12 74 11 74
18 27 19 27
15 9 15 10
42 39 42 40
22 66 22 67
20 31 20 30
29 28 29 27
13 57 13 56
11 7 11 6
47 29 47 28
3 1 2 1
37 12 37 13
42 59 42 60
25 10 25 9
33 35 32 35
30 71 30 70
38 9 37 9
6 52 7 52
21 66 21 65
22 1 22 2
32 50 32 49
12 41 12 40
18 40 18 39
16 61 16 60
3 38 3 37
24 60 23 60
46 34 46 35
28 43 28 42
24 5 25 5
10 36 10 37
37 29 37 30
11 6 12 6
44 2 44 1
28 32 27 32
7 2 7 1
19 2 20 2
23 64 24 64
44 39 45 39
0 9 0 10
22 30 23 30
37 60 36 60
7 49 7 48
13 48 13 47
40 44 40 45
32 16 32 17
30 39 31 39
6 15 5 15
16 20 16 19
7 65 8 65
11 29 12 29
43 24 43 23
21 25 21 24
34 65 34 64
14 61 14 60
31 11 32 11
45 44 44 44
1 47 1 48
22 34 22 35
20 28 19 28
3 59 3 60
35 31 34 31
43 58 44 58
31 20 31 19
35 42 34 42
48 20 47 20
48 65 48 66
17 20 17 21
48 30 49 30
41 27 41 26
30 37 29 37
46 45 46 46
33 31 32 31
43 73 43 74
18 46 19 46
16 49 16 48
38 46 38 45
27 24 27 25
40 8 41 8
43 1 44 1
14 14 15 14
6 17 6 16
47 8 48 8
28 25 29 25
32 63 32 62
7 58 7 57
32 2 33 2
49 46 48 46
44 62 43 62
14 21 14 20
48 55 48 54
3 62 3 63
23 42 23 41
35 38 34 38
8 49 8 48
25 14 25 15
47 22 47 21
3 41 4 41
22 29 22 28
29 64 29 65
22 15 21 15
22 32 23 32
44 54 43 54
35 33 35 32
14 17 15 17
17 37 16 37
22 36 21 36
45 42 45 41
12 35 11 35
29 37 28 37
13 30 12 30
22 10 22 9
12 65 13 65
27 57 26 57
22 48 23 48
15 6 15 7
46 19 47 19
37 21 38 21
38 66 37 66
41 60 42 60
7 62 7 61
34 35 34 36
11 50 11 51
31 10 31 11
9 25 10 25
48 68 48 67
29 54 30 54
1 33 1 34
1 69 1 70
29 28 29 29
4 36 4 37
36 35 36 34
12 9 11 9
12 58 13 58
49 16 49 17
0 22 0 21
7 52 8 52
3 31 3 30
35 21 35 22
32 0 31 0
27 26 26 26
25 54 26 54
10 64 10 65
19 73 20 73
31 4 32 4
24 13 25 13
32 39 32 38
8 31 9 31
24 6 24 7
48 7 48 8
48 14 47 14
1 14 1 13
48 4 48 5
34 47 35 47
46 43 45 43
22 28 23 28
47 34 47 33
31 32 31 33
4 42 3 42
9 53 8 53
7 44 7 45
36 22 36 21
25 2 25 1
3 43 2 43
18 26 18 25
9 61 10 61
33 68 34 68
11 57 11 58
10 37 11 37
21 61 20 61
42 6 42 5
18 31 18 30
34 1 34 2
31 37 31 36
31 15 30 15
13 53 13 52
25 10 26 10
33 53 33 52
2 31 2 32
33 25 32 25
5 59 5 60
45 72 44 72
45 0 44 0
1 68 0 68
47 14 47 13
12 21 12 20
15 68 15 69
6 27 7 27
25 53 25 54
11 53 11 52
0 0 1 0
15 42 15 41
43 6 44 6
28 31 28 30
21 7 22 7
48 74 47 74
15 16 15 15
6 34 5 34
20 52 20 51
39 24 39 25
29 5 30 5
22 41 22 42
1 19 1 18
15 64 16 64
23 61 24 61
4 35 3 35
14 11 14 12
20 38 21 38
28 13 27 13
28 11 28 12
43 69 43 70
32 63 33 63
29 38 29 39
13 54 13 53
9 57 8 57
35 46 34 46
30 21 30 20
21 11 21 10
21 67 20 67
13 14 12 14
42 47 41 47
33 15 34 15
12 9 13 9
29 45 30 45
28 18 28 19
5 36 6 36
37 51 36 51
47 40 47 41
3 39 3 38
10 20 10 19
16 29 16 30
3 24 4 24
39 71 39 72
48 28 47 28
30 4 30 3
40 17 41 17
26 58 27 58
33 0 32 0
23 54 24 54
39 59 40 59
11 22 11 21
17 55 16 55
18 0 18 1
49 57 49 58
22 36 22 35
1 67 2 67
46 13 46 12
11 48 10 48
27 41 26 41
11 44 11 45
9 27 10 27
46 45 45 45
36 56 36 57
7 69 8 69
19 34 18 34
33 27 33 28
1 59 2 59
40 54 40 55
44 58 45 58
2 73 2 74
15 24 16 24
12 54 12 55
14 48 14 47
13 40 14 40
9 61 9 62
15 63 15 64
39 36 40 36
10 26 10 25
40 37 41 37
30 40 29 40
27 46 27 47
9 36 9 37
19 40 19 41
0 19 1 19
1 10 1 9
23 42 22 42
17 20 17 19
44 47 44 48
6 27 6 28
13 29 14 29
49 31 49 30
38 57 39 57
1 12 2 12
28 6 28 7
1 64 2 64
49 44 49 43
25 46 26 46
44 52 44 51
48 62 48 61
39 16 40 16
13 55 12 55
10 55 10 56
20 5 20 6
16 31 17 31
39 34 39 35
17 5 16 5
17 44 17 43
39 9 39 10
6 29 5 29
8 60 8 59
4 3 4 2
28 0 28 1
32 45 32 46
26 20 26 21
28 34 29 34
29 51 28 51
9 63 10 63
35 73 34 73
23 3 23 2
14 51 13 51
21 65 21 64
39 19 40 19
22 64 23 64
17 2 18 2
38 2 38 3
10 3 10 4
34 45 34 46
42 30 41 30
38 60 37 60
23 73 22 73
24 28 24 29
48 40 47 40
44 22 43 22
13 62 13 61
14 6 15 6
10 46 10 47
16 61 16 62
2 60 2 59
47 9 47 10
20 14 20 15
10 49 10 50
46 63 46 62
16 63 16 62
35 62 35 63
29 24 28 24
37 44 37 45
1 55 1 56
23 71 22 71
14 9 13 9
32 65 32 66
6 28 7 28
36 39 37 39
8 24 9 24
18 51 18 52
5 11 5 10
37 46 37 45
35 26 35 25
3 74 4 74
27 1 28 1
46 23 47 23
39 1 40 1
32 2 32 1
29 26 29 25
35 53 36 53
14 33 14 32
14 26 14 25
34 9 35 9
28 2 28 1
3 73 3 74
15 57 15 58
22 73 21 73
32 74 33 74
26 22 26 23
14 51 15 51
8 74 7 74
42 25 42 24
10 69 11 69
17 30 17 29
6 44 7 44
46 5 46 4
5 39 6 39
13 13 13 12
45 19 46 19
4 56 3 56
18 52 18 53
13 8 13 7
9 23 9 22
24 5 24 6
28 50 28 49
33 55 33 54
8 34 7 34
45 56 46 56
13 21 13 20
20 58 19 58
34 71 34 72
2 39 2 40
37 58 37 59
20 72 19 72
14 0 15 0
39 44 40 44
46 42 46 41
44 27 43 27
10 18 11 18
23 18 23 17
33 51 32 51
49 32 48 32
39 69 38 69
0 73 0 74
30 7 31 7
36 0 35 0
41 7 40 7
40 73 40 74
19 17 19 16
48 42 48 43
15 69 16 69
7 57 6 57
6 43 6 42
13 30 13 31
18 54 18 53
25 40 26 40
29 22 30 22
38 67 37 67
33 57 33 58
45 2 45 3
24 3 24 2
44 5 44 4
32 10 32 9
29 62 28 62
43 41 43 42
33 60 34 60
17 4 17 5
0 55 1 55
3 50 2 50
40 40 39 40
39 46 40 46
19 25 19 26
11 46 12 46
17 56 17 55
40 6 40 7
47 25 47 26
21 27 20 27
35 43 35 42
3 73 4 73
3 5 2 5
24 34 25 34
48 0 47 0
33 37 33 38
16 63 15 63
33 36 32 36
30 57 30 58
9 36 10 36
20 13 21 13
36 11 37 11
34 63 34 64
36 57 36 58
23 67 23 66
42 12 41 12
22 74 21 74
15 35 15 36
43 46 43 45
31 40 31 39
3 71 4 71
9 19 10 19
29 9 29 8
34 14 34 13
11 0 10 0
27 48 27 49
25 61 25 62
27 21 26 21
45 61 46 61
41 60 40 60
9 58 9 57
44 35 45 35
49 28 48 28
24 15 24 16
1 68 2 68
5 23 5 24
14 73 14 74
2 73 3 73
27 1 26 1
42 8 42 7
16 57 15 57
14 69 14 70
15 6 16 6
42 20 41 20
1 9 2 9
38 72 37 72
28 63 28 64
18 54 19 54
26 46 26 47
35 24 34 24
18 6 18 5
37 55 37 54
45 34 45 33
24 47 24 48
23 27 23 26
21 32 20 32
34 58 34 57
47 71 48 71
16 41 16 42
33 35 34 35
10 18 10 19
42 43 42 44
40 70 40 71
9 68 10 68
20 66 20 65
10 32 11 32
17 39 17 38
42 11 41 11
17 74 16 74
33 62 34 62
0 53 1 53
32 14 32 15
44 64 45 64
34 32 34 31
19 29 20 29
48 24 49 24
17 24 17 23
24 30 24 31
0 12 1 12
36 34 37 34
16 32 17 32
24 49 23 49
29 44 28 44
27 71 26 71
41 1 41 2
20 44 21 44
32 41 32 42
17 66 18 66
34 32 34 33
40 29 40 30
5 68 5 69
39 70 40 70
40 33 40 34
9 13 10 13
17 32 17 33
4 0 5 0
11 58 10 58
40 12 40 13
19 23 20 23
44 27 45 27
42 36 42 35
41 2 41 3
1 47 1 46
15 50 16 50
34 15 34 16
12 3 13 3
46 39 46 38
45 43 45 42
43 46 43 47
35 54 36 54
3 66 3 65
13 74 12 74
7 47 7 46
40 29 40 28
43 0 43 1
17 9 17 10
3 24 3 23
0 50 1 50
37 61 37 62
14 3 14 2
35 67 36 67
12 12 12 11
37 12 38 12
0 50 0 49
36 47 36 46
45 30 46 30
15 15 14 15
31 24 30 24
47 71 47 72
49 69 49 70
2 0 1 0
1 7 1 6
42 29 43 29
36 44 36 43
29 36 28 36
27 56 27 57
17 42 18 42
33 18 33 17
24 11 23 11
40 3 41 3
18 71 18 70
12 14 12 15
8 71 7 71
15 15 16 15
47 50 46 50
7 39 7 40
25 32 24 32
46 69 46 70
36 6 37 6
3 2 3 1
31 24 31 25
33 74 34 74
26 73 26 74
31 1 31 2
19 39 19 40
39 70 39 71
27 14 28 14
40 59 41 59
17 24 17 25
29 40 28 40
4 52 3 52
30 49 29 49
3 28 3 29
6 19 6 20
44 1 44 0
45 17 46 17
37 36 36 36
31 47 31 46
44 8 44 9
27 30 26 30
17 37 18 37
19 46 20 46
20 30 21 30
2 60 3 60
10 5 9 5
36 25 36 24
4 24 5 24
34 18 34 19
19 13 19 12
41 59 41 58
27 54 28 54
25 4 26 4
43 29 43 30
10 22 10 23
22 30 22 29
39 37 39 38
3 17 3 18
35 14 36 14
22 72 22 73
2 27 2 28
19 23 19 24
27 46 28 46
8 47 8 48
13 4 13 5
49 21 48 21
17 29 17 28
34 49 33 49
5 26 5 27
48 39 48 40
32 2 31 2
47 3 46 3
9 54 8 54
30 41 31 41
42 34 42 35
34 27 34 28
48 51 48 50
11 64 10 64
45 1 45 0
18 71 17 71
37 49 36 49
4 50 3 50
32 27 31 27
2 41 1 41
16 59 16 60
0 32 0 31
48 58 48 59
35 12 36 12
46 69 45 69
38 64 39 64
42 67 43 67
39 28 39 27
2 6 2 5
32 12 32 11
45 11 45 12
26 38 27 38
31 40 32 40
4 45 5 45
24 53 25 53
2 22 2 21
18 14 19 14
14 59 13 59
47 69 46 69
48 6 48 7
29 4 29 5
9 64 8 64
48 62 47 62
39 68 39 69
5 52 5 51
1 56 0 56
34 4 35 4
16 34 17 34
5 44 5 45
34 0 33 0
25 40 25 39
42 9 43 9
42 34 42 33
6 38 6 39
8 36 8 35
37 11 37 10
47 13 48 13
41 0 41 1
49 34 49 35
48 30 48 31
43 34 43 35
1 22 2 22
42 68 42 69
19 66 19 67
7 40 7 41
26 39 26 38
31 29 31 28
40 63 40 64
41 67 42 67
25 15 26 15
44 56 44 57
21 53 20 53
49 49 48 49
6 60 6 61
35 4 35 3
10 70 9 70
27 70 27 71
18 72 17 72
10 9 9 9
31 56 32 56
6 33 6 34
32 55 32 54
8 24 8 23
25 30 24 30
18 48 18 47
20 35 21 35
28 4 29 4
22 50 21 50
48 36 47 36
37 25 37 24
43 54 42 54
6 51 5 51
6 38 6 37
29 43 28 43
35 36 35 35
30 44 31 44
40 42 40 43
5 42 6 42
44 12 44 13
26 60 27 60
49 26 49 27
29 55 29 54
23 55 23 56
2 26 1 26
16 27 16 28
32 69 31 69
37 3 37 4
49 39 49 38
3 27 3 28
14 35 14 36
36 51 35 51
31 72 31 73
49 13 49 14
4 11 4 10
41 2 40 2
2 47 1 47
31 53 32 53
30 30 31 30
18 38 17 38
23 57 23 58
41 72 42 72
35 24 35 23
38 37 37 37
18 23 19 23
49 40 49 39
10 71 10 70
16 72 16 73
31 22 31 21
2 3 3 3
39 61 39 60
10 22 9 22
19 4 18 4
19 34 20 34
22 43 22 44
33 49 33 50
49 20 48 20
32 21 33 21
32 5 33 5
8 4 8 3
36 22 37 22
32 58 32 59
48 3 47 3
39 3 40 3
22 38 21 38
49 67 49 68
0 18 0 17
37 63 36 63
1 57 1 56
32 73 33 73
43 36 43 37
40 30 41 30
44 61 45 61
39 67 39 66
32 33 32 34
26 67 27 67
32 58 33 58
9 0 8 0
47 16 46 16
24 23 24 24
13 63 13 64
5 41 5 42
23 40 22 40
6 3 7 3
6 31 5 31
49 4 49 5
15 72 16 72
37 10 37 9
27 3 27 4
35 23 35 22
7 4 7 3
24 38 23 38
43 14 43 13
14 65 13 65
42 68 42 67
9 60 8 60
25 42 24 42
44 45 44 44
22 0 23 0
1 42 0 42
10 11 11 11
5 71 4 71
33 25 33 26
7 38 8 38
30 28 31 28
18 26 17 26
34 54 34 55
3 67 2 67
37 31 38 31
45 48 46 48
43 68 43 69
7 34 7 33
38 38 38 39
5 38 6 38
32 7 32 6
0 1 0 0
35 1 34 1
45 69 44 69
49 53 49 54
24 26 24 27
23 29 24 29
8 73 9 73
22 6 22 7
36 22 36 23
9 1 9 0
37 74 38 74
20 69 19 69
10 30 11 30
22 39 23 39
35 30 36 30
48 1 49 1
47 62 47 61
25 39 24 39
10 11 10 12
35 23 34 23
42 58 43 58
46 19 46 20
12 11 13 11
25 26 24 26
33 13 32 13
18 66 19 66
24 43 24 44
13 59 13 60
38 49 39 49
46 1 46 0
12 32 11 32
4 14 4 13
32 60 33 60
49 33 49 34
25 21 25 20
11 12 10 12
4 33 4 32
4 64 3 64
36 68 37 68
36 69 37 69
35 2 34 2
42 56 41 56
18 41 17 41
38 60 38 61
0 57 0 58
26 16 27 16
14 18 13 18
7 36 8 36
20 26 21 26
49 5 48 5
32 71 33 71
24 22 25 22
31 31 31 32
24 61 24 62
7 6 7 7
7 73 6 73
41 36 40 36
34 56 33 56
49 55 48 55
48 29 48 28
15 43 16 43
46 15 46 14
43 57 43 56
18 69 18 68
22 39 22 40
49 71 49 70
9 12 9 11
10 25 10 24
22 68 22 69
4 44 4 43
48 19 49 19
24 55 24 56
11 56 11 57
33 1 33 0
1 43 2 43
13 61 12 61
13 9 13 10
28 51 27 51
27 20 28 20
49 15 48 15
10 42 10 43
1 30 1 29
25 27 25 26
14 10 13 10
18 61 19 61
36 49 36 50
43 25 43 24
4 61 3 61
0 43 1 43
5 13 5 14
19 69 19 68
1 27 1 26
22 51 22 50
21 20 21 21
6 70 5 70
12 53 12 52
4 48 4 49
9 31 10 31
2 44 1 44
38 48 37 48
20 38 20 37
34 53 34 52
15 59 15 58
33 3 32 3
1 21 1 22
26 27 26 26
8 47 9 47
38 5 39 5
18 15 19 15
1 20 2 20
23 4 23 3
12 0 11 0
34 21 34 20
44 64 44 65
37 15 37 16
0 7 1 7
42 44 42 45
40 4 39 4
47 31 48 31
28 41 29 41
14 42 15 42
17 33 16 33
5 58 5 57
49 0 48 0
18 12 19 12
42 70 42 71
18 9 19 9
45 34 44 34
10 63 11 63
44 24 45 24
9 52 9 51
38 4 37 4
44 36 45 36
44 58 44 59
33 4 33 3
47 46 47 45
46 22 46 21
40 73 41 73
15 24 15 25
49 46 49 47
12 4 11 4
14 50 13 50
16 23 17 23
7 7 6 7
8 20 8 21
11 10 10 10
6 31 6 30
0 65 0 64
27 0 27 1
36 59 37 59
33 72 32 72
0 41 0 40
13 24 13 25
27 39 26 39
2 20 3 20
24 45 24 44
9 4 8 4
39 11 40 11
34 2 34 3
0 24 1 24
35 8 35 7
14 43 15 43
3 25 4 25
34 26 34 27
0 55 0 54
11 48 11 49
24 51 23 51
36 32 36 33
36 40 37 40
8 26 8 27
32 24 33 24
38 62 39 62
17 62 17 63
16 52 15 52
5 0 6 0
30 24 29 24
29 48 29 49
26 34 27 34
20 33 19 33
13 63 14 63
0 35 1 35
1 38 1 39
15 40 15 39
42 23 42 22
33 2 33 3
43 71 42 71
1 2 2 2
21 27 21 26
32 62 31 62
0 30 1 30
0 36 1 36
34 73 34 74
42 28 41 28
46 57 45 57
23 44 23 45
15 49 16 49
45 14 45 13
5 71 5 70
1 37 0 37
1 25 2 25
39 3 39 2
1 31 1 30
24 5 23 5
47 47 48 47
4 66 3 66
3 53 3 52
34 11 34 12
37 60 37 59
30 68 29 68
31 63 31 62
4 29 3 29
1 35 2 35
1 61 2 61
2 35 2 34
2 63 2 62
34 43 34 44
38 33 39 33
0 45 0 46
31 15 31 14
4 51 4 50
8 8 8 9
28 48 28 47
23 69 22 69
45 63 44 63
3 57 3 58
47 60 48 60
14 49 13 49
26 61 26 62
22 34 21 34
47 58 47 57
2 24 2 23
45 70 45 69
27 36 27 35
9 68 9 69
39 48 40 48
16 25 16 24
29 13 30 13
15 74 15 73
0 8 0 9
17 54 17 53
17 35 16 35
10 66 9 66
31 74 31 73
30 13 31 13
27 73 28 73
7 0 8 0
38 2 38 1
21 37 21 36
15 1 15 0
1 52 0 52
21 74 21 73
44 74 45 74
32 16 33 16
27 27 27 26
47 43 47 44
4 53 4 52
6 58 6 57
31 18 31 17
28 57 29 57
13 2 12 2
36 52 37 52
0 39 1 39
45 44 46 44
11 28 11 29
44 57 43 57
0 37 0 36
2 38 2 37
44 16 45 16
6 40 6 41
47 70 47 69
18 45 17 45
22 66 22 65
44 71 45 71
13 70 14 70
14 39 14 40
6 35 6 34
44 25 44 26
28 53 28 54
24 64 24 65
22 14 22 15
48 39 48 38
9 70 10 70
17 57 17 58
20 70 20 71
49 46 49 45
46 28 45 28
30 49 31 49
12 54 12 53
1 28 1 29
27 2 26 2
30 51 30 50
47 35 48 35
17 3 17 4
29 50 29 51
42 51 42 52
39 73 40 73
47 55 47 56
9 17 9 18
24 45 25 45
32 73 31 73
29 55 30 55
40 29 40 30
49 73 49 74
15 52 15 51
3 69 4 69
11 11 11 12
49 10 49 11
13 69 12 69
29 45 29 46
28 2 28 1
27 6 28 6
31 73 31 74
45 49 45 48
40 14 41 14
37 68 38 68
35 31 35 32
34 8 33 8
14 46 14 45
37 28 36 28
8 56 8 55
1 35 2 35
2 16 2 17
8 63 8 64
36 53 36 54
18 65 17 65
48 1 48 0
13 37 13 36
14 26 13 26
10 16 11 16
27 74 27 73
47 2 46 2
1 6 2 6
29 40 30 40
34 3 34 2
28 46 29 46
19 71 19 70
14 9 15 9
20 49 21 49
49 11 48 11
31 38 32 38
44 12 44 13
19 14 19 13
37 70 37 71
43 29 42 29
30 9 30 10
33 3 33 2
36 20 36 21
29 67 28 67
25 41 25 42
14 22 15 22
2 43 2 44
44 64 43 64
45 26 44 26
11 21 12 21
30 52 31 52
24 10 24 11
38 23 38 24
38 54 38 55
39 31 38 31
49 45 48 45
49 49 49 48
37 69 37 70
16 64 17 64
18 53 18 52
24 60 23 60
16 35 17 35
12 25 12 26
30 63 31 63
38 2 38 3
39 3 38 3
14 29 13 29
7 42 6 42
39 60 39 61
47 28 46 28
31 4 30 4
16 21 15 21
39 58 39 57
37 39 37 38
39 29 40 29
25 71 25 72
7 12 7 11
38 70 39 70
15 59 16 59
33 59 32 59
5 67 5 66
14 8 14 7
33 49 32 49
2 11 2 12
11 1 11 2
49 26 49 25
13 58 14 58
8 48 8 47
23 65 24 65
23 24 24 24
28 6 27 6
13 20 13 21
44 55 44 54
36 32 36 33
18 20 18 19
32 44 32 45
17 9 16 9
42 42 41 42
11 42 11 41
17 40 16 40
9 19 9 20
18 34 17 34
11 4 10 4
30 67 30 66
10 60 11 60
44 43 44 44
4 62 3 62
49 4 49 3
20 66 19 66
32 35 32 34
19 70 19 69
36 40 36 41
49 1 49 2
45 8 45 9
22 21 22 20
47 40 48 40
17 69 17 70
47 45 46 45
46 18 45 18
37 0 38 0
46 44 45 44
49 7 49 6
14 59 13 59
32 6 32 7
45 53 44 53
18 2 19 2
38 47 38 46
20 46 19 46
7 19 7 20
14 8 14 7
5 55 6 55
42 56 43 56
47 70 48 70
29 55 29 54
21 2 21 1
34 70 33 70
12 60 12 59
11 5 12 5
30 15 29 15
45 4 45 5
36 9 36 8
24 54 23 54
45 28 45 29
3 32 2 32
41 28 41 27
34 37 33 37
31 24 30 24
3 35 3 34
45 18 45 17
7 65 8 65
27 26 27 25
4 28 3 28
37 25 37 24
43 53 43 52
4 44 4 43
19 5 20 5
4 37 4 38
1 42 2 42
29 37 29 36
48 71 48 70
22 48 22 49
8 29 7 29
49 42 49 41
44 35 44 36
24 42 23 42
5 11 5 10
27 43 26 43
34 27 34 26
13 1 14 1
33 0 32 0
31 35 30 35
32 10 31 10
33 56 32 56
37 5 37 4
40 12 41 12
22 40 23 40
19 66 19 67
32 52 32 53
11 68 11 67
11 51 11 50
10 57 10 58
16 39 15 39
13 74 12 74
48 13 48 14
27 29 27 28
20 51 19 51
30 47 31 47
12 54 13 54
49 17 48 17
36 54 35 54
48 32 47 32
33 23 32 23
2 46 3 46
27 1 27 2
14 71 15 71
45 28 45 29
15 41 14 41
17 67 18 67
10 3 11 3
31 53 32 53
11 3 10 3
32 13 31 13
27 66 27 65
36 45 35 45
43 4 43 5
31 21 31 20
2 16 1 16
16 26 15 26
36 35 35 35
21 46 20 46
40 54 39 54
9 56 9 55
24 44 25 44
16 70 15 70
7 63 6 63
25 71 25 72
38 50 38 49
41 19 41 18
25 30 26 30
36 3 37 3
26 45 26 44
29 29 30 29
0 54 1 54
16 22 15 22
43 4 42 4
26 7 27 7
32 70 32 71
28 37 29 37
29 14 30 14
13 25 13 26
47 28 47 27
11 7 12 7
33 34 32 34
49 27 49 28
15 47 15 48
18 0 18 1
45 58 45 57
47 63 47 62
45 19 45 20
23 59 23 58
5 56 5 55
35 42 35 41
19 27 19 28
32 4 33 4
44 19 44 20
8 37 7 37
9 9 9 8
28 8 27 8
11 53 12 53
33 2 33 3
32 7 32 8
33 17 34 17
21 61 22 61
45 20 45 19
21 14 20 14
47 25 46 25
1 59 1 58
14 37 13 37
16 25 16 24
36 8 36 9
43 40 43 41
31 1 31 2
11 24 11 25
21 69 21 68
10 65 10 64
43 15 44 15
41 68 41 69
0 57 0 58
17 23 16 23
36 37 36 36
36 30 36 31
19 36 19 37
23 74 22 74
13 23 13 22
26 58 26 59
4 4 4 3
6 47 5 47
45 47 45 48
47 64 48 64
25 3 25 2
10 66 10 65
40 60 41 60
46 60 45 60
1 24 1 23
21 56 20 56
4 38 5 38
8 10 7 10
44 9 45 9
32 9 31 9
6 47 7 47
11 12 11 11
30 34 31 34
23 37 22 37
16 40 16 39
17 61 17 62
23 17 23 18
27 52 27 51
29 21 29 22
47 29 46 29
20 37 20 36
34 0 35 0
11 30 11 29
24 5 24 4
37 23 37 24
26 16 27 16
49 39 49 38
9 41 8 41
9 47 10 47
43 46 42 46
36 41 36 42
4 53 5 53
36 14 36 13
29 15 30 15
34 28 34 29
9 6 8 6
19 7 18 7
24 69 25 69
30 28 30 27
36 21 36 22
23 57 23 58
47 63 48 63
21 51 20 51
28 55 27 55
43 67 43 68
31 51 30 51
10 45 11 45
5 45 5 46
43 27 42 27
4 65 3 65
39 38 38 38
15 35 16 35
19 33 19 34
12 12 12 13
23 57 24 57
41 13 40 13
23 57 24 57
30 57 30 58
9 48 10 48
20 38 19 38
22 57 23 57
1 21 0 21
37 22 37 21
15 63 15 64
44 54 43 54
47 54 47 53
44 5 44 6
21 10 22 10
14 21 13 21
42 67 41 67
10 66 10 67
36 42 37 42
49 56 48 56
46 71 45 71
8 17 7 17
45 15 44 15
16 11 16 10
12 9 13 9
45 23 44 23
48 68 49 68
42 28 42 27
44 64 45 64
18 38 17 38
41 36 41 37
3 19 4 19
44 16 44 17
41 32 41 33
44 21 44 22
35 18 34 18
20 19 20 18
26 38 26 37
21 57 21 56
11 53 11 54
35 69 34 69
5 72 6 72
19 18 19 19
24 37 25 37
16 6 16 5
18 41 19 41
46 13 47 13
39 64 39 65
13 36 13 35
0 74 1 74
3 34 4 34
18 39 19 39
3 9 2 9
5 10 6 10
42 53 42 54
27 74 28 74
5 20 5 19
28 34 28 33
38 47 38 46
33 25 32 25
31 5 31 4
26 23 26 22
20 53 20 54
7 59 6 59
32 3 33 3
38 5 39 5
12 60 13 60
27 38 27 39
7 29 7 30
22 37 22 36
41 71 40 71
43 49 44 49
38 44 37 44
44 51 44 52
35 33 34 33
29 48 29 47
0 63 0 62
40 15 40 16
42 22 42 23
19 22 20 22
20 13 19 13
2 8 3 8
34 46 34 45
19 15 18 15
14 52 14 53
13 32 14 32
43 34 43 33
8 49 9 49
38 44 38 43
23 13 23 12
47 33 47 32
44 35 44 34
40 71 40 72
7 16 7 17
2 32 3 32
8 47 7 47
15 15 16 15
32 25 32 24
42 41 42 40
2 39 3 39
33 63 34 63
28 57 27 57
34 24 34 23
36 31 37 31
30 60 29 60
2 71 1 71
33 36 33 35
23 70 23 71
15 63 16 63
2 42 1 42
35 56 34 56
4 15 3 15
47 51 48 51
31 6 31 7
22 61 22 62
38 44 38 43
21 43 21 44
29 60 29 61
4 12 5 12
21 40 21 41
25 50 26 50
12 55 13 55
24 27 24 28
20 36 20 37
0 60 0 59
28 50 29 50
19 21 19 22
4 51 4 50
30 7 31 7
47 3 46 3
43 5 43 6
43 70 44 70
35 71 36 71
5 16 5 15
33 42 34 42
23 22 24 22
7 17 7 18
11 73 12 73
2 28 3 28
32 52 32 53
3 70 3 71
28 0 28 1
34 7 35 7
3 16 3 17
10 41 11 41
40 23 41 23
18 11 18 12
25 65 25 64
11 47 12 47
5 51 5 50
30 28 31 28
47 56 47 55
38 66 38 67
20 46 20 45
46 58 46 57
44 25 45 25
35 44 35 45
25 44 25 45
44 32 44 31
41 65 41 64
10 20 10 19
44 19 43 19
29 59 30 59
24 29 23 29
13 52 12 52
17 47 18 47
45 59 44 59
10 11 10 10
16 31 17 31
45 49 44 49
0 61 0 62
35 55 35 54
27 10 27 9
11 36 11 37
36 68 36 67
28 64 28 63
41 26 41 25
0 42 0 41
18 63 18 64
2 40 1 40
32 26 32 27
7 30 7 29
19 66 20 66
37 61 37 60
7 72 8 72
25 50 25 49
28 68 29 68
43 20 44 20
16 13 16 12
40 67 40 68
16 9 15 9
43 5 43 4
34 69 34 68
1 52 0 52
11 29 11 28
13 7 14 7
13 28 12 28
33 46 34 46
18 37 18 38
19 14 19 15
20 5 19 5
4 26 4 27
29 37 29 36
40 38 40 39
25 51 26 51
12 14 12 13
42 5 42 4
17 65 16 65
7 34 7 35
15 55 14 55
25 27 24 27
47 56 46 56
49 12 49 11
22 2 23 2
23 29 23 28
27 16 28 16
16 60 16 59
33 54 33 55
49 12 48 12
3 52 2 52
22 55 22 54
24 52 25 52
1 3 1 2
45 73 44 73
26 26 27 26
1 67 2 67
28 53 28 54
48 52 48 51
29 32 29 31
42 32 42 31
6 56 6 57
28 32 29 32
37 73 37 72
26 44 26 45
22 47 21 47
34 23 33 23
10 29 10 30
14 54 15 54
7 36 7 35
3 28 3 27
30 59 30 58
37 64 37 63
21 27 21 26
6 30 6 29
15 52 16 52
26 63 26 62
5 49 5 48
39 63 40 63
27 73 28 73
23 3 23 4
36 72 35 72
29 19 28 19
22 25 22 26
12 67 12 68
24 44 23 44
11 51 12 51
3 16 3 15
33 68 34 68
45 71 44 71
44 59 44 60
8 65 8 64
23 12 22 12
21 49 21 48
22 50 22 51
13 62 12 62
3 67 3 66
8 16 8 17
37 26 36 26
43 73 44 73
10 68 9 68
27 51 26 51
12 26 11 26
25 25 26 25
31 24 31 25
5 12 5 13
8 15 7 15
29 50 28 50
46 12 47 12
31 31 31 30
39 66 40 66
8 18 8 17
15 56 15 55
36 8 35 8
32 64 31 64
31 20 31 21
41 30 41 31
21 60 21 59
16 6 16 7
15 64 15 63
14 5 13 5
4 38 4 37
20 39 20 38
44 24 45 24
39 7 38 7
24 50 23 50
2 71 3 71
29 40 29 39
44 57 43 57
39 46 40 46
40 51 39 51
32 46 31 46
33 40 33 41
24 57 25 57
11 33 12 33
4 35 5 35
32 40 31 40
43 36 42 36
20 2 19 2
0 58 0 57
47 48 48 48
22 57 22 58
14 43 14 42
6 17 7 17
31 5 30 5
31 10 31 9
27 44 27 45
41 40 41 39
36 60 36 59
30 36 30 37
23 10 22 10
20 33 20 32
38 74 39 74
23 30 23 29
16 13 16 12
45 44 46 44
8 74 9 74
40 67 40 66
33 5 34 5
27 10 27 11
5 59 5 60
9 29 9 30
20 19 20 20
26 17 26 18
49 35 49 36
4 31 4 32
47 16 47 17
9 32 8 32
36 15 36 14
0 44 0 45
1 27 0 27
37 11 37 12
35 8 34 8
7 61 8 61
13 60 14 60
31 16 31 17
46 38 46 37
34 72 34 73
40 60 41 60
1 11 2 11
49 12 48 12
7 51 7 50
45 63 45 62
3 47 3 46
5 10 6 10
15 19 15 18
34 65 35 65
21 26 21 25
15 16 15 15
1 69 0 69
7 69 7 70
40 51 40 52
11 73 10 73
42 51 42 50
9 31 10 31
11 49 10 49
7 60 7 61
41 6 42 6
24 23 23 23
43 74 44 74
0 32 1 32
48 49 47 49
22 11 22 10
11 5 11 4
22 65 21 65
21 1 20 1
38 33 38 32
23 49 24 49
11 24 12 24
40 69 40 70
16 47 16 46
38 20 38 21
11 70 10 70
35 56 34 56
12 4 12 5
47 27 47 28
7 40 8 40
28 40 29 40
35 1 34 1
37 44 38 44
39 12 39 11
0 51 0 52
13 14 13 15
36 51 36 52
15 63 15 64
9 13 8 13
32 70 32 71
22 35 23 35
6 25 6 26
36 66 36 65
13 19 14 19
39 7 40 7
34 18 34 19
12 36 11 36
46 72 46 73
5 54 6 54
33 44 32 44
2 69 2 70
25 25 25 24
43 11 44 11
24 51 23 51
6 15 6 14
5 26 4 26
5 65 5 64
20 61 19 61
49 18 49 19
49 52 49 53
2 6 2 7
43 33 43 34
8 27 9 27
40 51 39 51
41 60 40 60
24 15 24 16
28 72 28 73
19 17 19 16
8 43 8 44
27 18 26 18
19 22 18 22
3 40 3 39
39 74 38 74
13 39 14 39
40 31 39 31
9 32 9 31
5 62 5 63
42 59 41 59
17 42 17 43
35 21 35 22
33 40 34 40
12 18 12 19
41 24 42 24
9 16 9 17
12 1 12 0
9 56 8 56
14 44 15 44
46 57 46 56
46 15 46 16
21 29 21 28
11 5 12 5
25 46 24 46
5 30 5 29
44 69 45 69
15 28 16 28
22 21 22 22
34 17 33 17
19 16 18 16
45 62 44 62
17 23 17 22
23 25 22 25
30 55 30 54
29 24 29 25
31 39 30 39
40 42 40 43
1 39 1 40
33 50 32 50
23 44 23 45
4 40 5 40
40 32 40 31
33 7 32 7
22 12 23 12
17 19 17 20
34 50 34 51
27 65 26 65
3 18 4 18
24 52 23 52
39 50 39 51
47 56 47 57
17 71 17 70
12 31 12 30
7 29 6 29
7 48 7 47
7 32 7 31
24 61 24 62
9 40 8 40
34 41 34 40
33 7 34 7
29 29 29 28
15 71 14 71
12 58 11 58
39 15 40 15
31 72 31 71
16 7 15 7
29 31 29 30
10 42 11 42
9 51 8 51
12 62 11 62
42 66 43 66
3 59 4 59
38 71 38 72
30 36 29 36
4 69 4 68
25 10 24 10
33 67 33 66
2 27 1 27
36 13 37 13
13 2 12 2
22 21 23 21
8 51 9 51
44 15 44 16
38 47 39 47
49 3 48 3
34 31 34 30
4 64 4 65
29 43 29 42
22 31 21 31
19 69 18 69
2 51 2 52
38 72 39 72
21 60 21 61
43 36 43 35
35 72 35 71
12 26 12 27
8 33 7 33
31 30 31 31
46 24 47 24
13 2 13 3
28 6 28 7
44 45 44 46
3 68 3 69
35 13 34 13
46 48 47 48
11 10 12 10
19 70 18 70
20 53 20 54
2 24 2 23
28 14 28 15
22 67 21 67
44 62 44 61
40 42 41 42
46 2 46 1
32 62 33 62
2 9 2 8
5 54 5 55
15 57 15 58
0 10 1 10
16 10 15 10
12 31 12 30
29 72 30 72
40 18 39 18
41 34 41 35
13 41 14 41
25 20 26 20
31 50 30 50
17 40 17 41
25 68 24 68
25 59 25 58
45 21 46 21
26 28 26 27
25 20 26 20
28 11 28 10
32 26 32 27
48 2 48 1
49 60 48 60
6 52 5 52
18 54 18 53
19 30 19 29
33 0 33 1
3 3 4 3
22 30 23 30
36 8 36 7
12 17 11 17
30 16 29 16
44 42 45 42
7 23 7 24
40 68 41 68
39 37 39 36
25 45 25 44
9 25 8 25
23 72 22 72
5 61 6 61
0 48 1 48
21 5 21 6
47 74 46 74
7 34 8 34
20 74 20 73
12 16 11 16
11 68 10 68
10 4 10 3
39 2 39 3
26 59 26 58
47 59 48 59
35 5 34 5
39 4 38 4
12 12 12 13
8 57 8 56
47 44 47 45
0 55 1 55
1 67 0 67
1 8 1 7
27 60 28 60
12 57 11 57
24 17 24 18
39 8 38 8
6 20 6 21
34 53 33 53
10 2 11 2
30 2 31 2
19 31 19 32
38 32 38 33
10 9 10 10
42 23 41 23
32 24 31 24
6 63 6 64
9 72 9 71
0 31 0 32
47 68 48 68
14 26 15 26
12 70 12 71
3 60 3 59
27 45 27 44
11 38 11 37
4 22 3 22
39 55 38 55
9 14 8 14
22 16 21 16
42 14 43 14
14 5 13 5
40 44 40 43
23 72 22 72
42 12 42 11
17 18 18 18
19 34 18 34
34 68 33 68
23 65 23 66
20 9 20 10
36 23 37 23
3 64 3 65
42 64 42 65
42 3 42 4
14 70 15 70
1 40 0 40
35 34 35 35
24 70 23 70
29 18 28 18
3 13 4 13
41 27 41 28
11 32 12 32
26 2 26 1
40 19 41 19
28 60 28 61
6 36 5 36
28 73 27 73
34 47 33 47
35 53 36 53
2 34 1 34
31 2 31 1
33 39 32 39
49 67 49 66
6 32 5 32
18 60 18 59
26 44 26 45
1 47 2 47
10 6 11 6
39 41 38 41
11 46 12 46
1 52 0 52
42 37 41 37
41 36 40 36
44 44 43 44
41 64 40 64
0 41 1 41
22 42 21 42
42 28 43 28
36 67 35 67
36 6 36 7
44 59 44 60
5 51 4 51
32 45 31 45
3 41 3 40
8 60 7 60
24 62 25 62
10 10 10 9
42 4 43 4
8 18 8 19
43 6 44 6
49 25 48 25
9 33 9 32
6 15 7 15
41 46 40 46
22 29 22 30
18 3 19 3
4 64 4 65
37 33 37 34
23 43 23 42
4 62 5 62
40 13 41 13
38 48 37 48
39 6 39 7
24 72 24 71
11 49 11 50
33 36 34 36
13 60 12 60
37 14 37 13
43 31 43 32
25 44 25 43
40 58 39 58
23 20 23 21
26 70 26 69
9 71 8 71
4 67 5 67
19 30 18 30
2 69 3 69
9 65 9 64
45 58 46 58
12 56 12 55
4 59 3 59
45 46 45 47
4 71 5 71
37 25 37 24
34 46 35 46
15 73 15 72
36 24 37 24
40 11 39 11
13 58 14 58
49 45 49 46
29 1 30 1
32 73 33 73
7 3 8 3
15 17 14 17
39 26 40 26
45 44 45 45
22 55 22 56
17 22 17 23
2 12 2 11
22 62 23 62
48 18 47 18
10 25 11 25
19 34 19 33
25 50 24 50
34 41 34 42
15 61 16 61
19 35 19 36
1 4 1 5
20 56 19 56
23 53 23 54
22 28 22 29
25 64 24 64
25 33 25 34
30 35 29 35
28 45 28 44
4 10 4 11
24 56 25 56
24 34 24 35
48 54 47 54
9 30 8 30
10 29 11 29
26 29 26 28
45 30 44 30
26 62 27 62
31 40 32 40
5 19 5 18
39 20 38 20
11 69 11 68
38 44 39 44
23 56 23 55
36 16 36 17
30 69 29 69
13 40 12 40
6 43 6 42
35 24 36 24
35 31 35 32
21 21 20 21
16 57 16 56
19 47 19 48
4 70 5 70
45 59 45 60
16 64 17 64
41 53 41 54
48 34 49 34
17 21 17 22
29 7 30 7
38 30 39 30
15 71 16 71
40 68 40 67
10 22 10 23
38 44 38 43
32 60 33 60
23 53 23 52
5 1 5 0
6 71 5 71
6 2 5 2
14 40 15 40
19 55 19 56
35 71 35 70
46 33 46 34
32 22 33 22
25 6 25 5
10 56 11 56
0 43 0 42
48 1 48 0
27 65 27 66
14 61 13 61
22 46 22 45
23 45 24 45
25 52 24 52
19 30 19 31
28 42 28 41
39 66 39 65
5 69 4 69
42 42 41 42
31 21 30 21
11 60 10 60
47 34 46 34
32 34 33 34
26 59 26 60
17 56 17 55
42 9 42 10
21 48 22 48
14 30 14 29
25 72 25 73
14 4 13 4
43 15 42 15
36 64 37 64
28 72 27 72
14 25 14 26
30 68 31 68
1 10 2 10
39 58 39 59
46 49 46 50
23 49 23 48
20 65 19 65
13 58 14 58
18 45 17 45
8 48 9 48
10 14 10 13
48 20 48 21
40 71 39 71
18 38 17 38
22 9 22 8
7 59 7 60
14 29 13 29
27 67 28 67
5 61 4 61
0 21 1 21
42 58 42 57
12 6 12 5
26 48 25 48
26 67 27 67
35 41 35 40
19 25 19 24
3 39 3 40
3 18 2 18
13 24 12 24
18 74 19 74
0 69 1 69
19 33 19 32
11 34 10 34
26 60 26 61
4 48 4 49
41 17 42 17
14 22 14 21
42 25 43 25
40 38 40 37
23 8 23 7
5 58 4 58
46 30 46 29
45 41 44 41
42 19 43 19
9 48 9 49
17 16 16 16
27 5 26 5
21 15 21 14
40 65 40 66
11 23 12 23
26 44 27 44
1 66 1 65
11 33 12 33
33 42 32 42
3 36 3 35
42 64 43 64
5 66 5 65
44 39 45 39
24 7 24 8
14 20 15 20
10 22 11 22
41 50 41 49
12 36 11 36
3 69 2 69
18 47 17 47
0 16 0 17
12 22 11 22
1 66 1 67
7 67 6 67
3 56 3 55
0 69 1 69
42 60 41 60
26 47 27 47
43 27 42 27
4 71 4 72
27 21 28 21
39 10 38 10
43 38 43 39
15 45 15 46
42 50 42 49
41 2 40 2
40 20 40 21
37 71 38 71
6 70 6 69
13 23 13 24
13 12 13 11
8 7 8 6
48 47 49 47
8 41 8 40
35 73 35 74
8 62 8 61
30 13 30 12
4 20 4 21
2 60 2 61
22 23 22 22
28 58 28 59
23 58 22 58
16 17 15 17
9 42 9 43
8 29 8 28
1 62 1 61
18 44 19 44
2 26 2 27
4 3 3 3
6 25 6 24
45 5 45 4
17 4 17 5
39 20 39 19
0 6 1 6
46 39 47 39
15 42 14 42
48 63 48 62
44 65 44 66
11 21 11 20
14 52 14 51
16 49 16 50
25 44 25 43
43 8 44 8
30 58 30 59
34 31 33 31
43 46 44 46
16 21 16 22
35 15 36 15
6 3 6 4
29 68 30 68
30 36 31 36
37 11 36 11
24 7 24 6
7 62 6 62
47 47 47 46
2 42 2 43
27 58 27 57
39 70 40 70
42 53 42 52
40 33 40 34
45 40 45 39
49 52 49 51
22 27 22 26
5 36 6 36
48 33 48 32
47 36 47 35
19 40 19 39
12 4 13 4
22 46 23 46
11 14 11 13
43 34 43 35
38 58 38 57
22 32 22 33
35 39 35 40
13 39 13 38
36 11 35 11
3 7 3 8
30 19 30 18
5 68 4 68
31 55 31 56
44 0 45 0
20 16 19 16
3 38 4 38
15 50 15 51
13 64 13 65
45 27 44 27
14 6 14 5
1 63 0 63
42 68 42 69
10 68 9 68
22 16 21 16
22 21 22 20
28 37 27 37
1 0 2 0
37 20 36 20
35 12 35 13
16 15 17 15
44 57 45 57
38 40 38 41
14 25 13 25
17 23 17 22
35 22 34 22
42 25 42 26
25 3 25 4
47 41 48 41
47 51 47 52
29 69 28 69
25 63 25 64
40 3 41 3
6 19 5 19
17 37 17 38
47 49 47 48
48 18 48 19
38 19 37 19
28 68 28 67
14 15 15 15
14 22 13 22
31 47 31 46
5 39 6 39
22 20 22 21
39 65 39 64
29 39 29 38
18 39 18 38
34 27 34 26
27 55 26 55
38 47 38 46
0 13 0 12
34 45 34 44
33 2 34 2
35 24 36 24
9 38 8 38
22 44 21 44
9 64 9 63
15 49 15 48
16 1 15 1
13 67 14 67
1 42 2 42
12 3 12 2
21 13 20 13
22 24 22 25
18 60 18 59
33 33 33 34
10 42 10 43
3 9 2 9
0 51 0 52
29 16 28 16
6 19 7 19
46 7 47 7
33 55 34 55
22 2 23 2
36 47 37 47
16 30 17 30
42 42 41 42
34 47 34 48
24 49 24 48
42 29 42 28
27 62 26 62
31 35 30 35
41 68 42 68
40 65 40 66
14 29 14 28
26 72 27 72
44 14 44 15
34 0 35 0
6 74 5 74
33 18 33 19
26 72 25 72
37 31 38 31
34 47 35 47
37 14 36 14
19 31 19 32
48 7 47 7
10 29 10 30
15 63 14 63
19 21 19 20
22 29 22 30
7 5 7 4
28 45 28 44
37 56 38 56
13 43 13 44
32 37 32 38
30 63 30 64
25 23 24 23
11 65 11 66
23 34 22 34
36 9 36 8
42 41 42 42
23 19 24 19
8 8 9 8
45 24 45 25
23 56 24 56
7 14 6 14
23 14 23 13
21 3 20 3
35 3 35 2
19 14 19 13
10 8 10 9
32 7 32 6
28 17 28 18
29 12 30 12
27 35 28 35
37 42 37 41
13 18 14 18
12 66 12 67
3 1 2 1
4 47 4 48
39 8 38 8
17 67 18 67
17 46 18 46
25 52 25 53
7 54 8 54
47 66 48 66
27 54 28 54
25 18 25 17
1 47 1 48
30 1 30 0
48 18 47 18
1 10 2 10
12 27 11 27
40 2 40 1
30 34 30 35
8 59 9 59
33 61 33 62
23 38 23 37
7 39 8 39
19 44 19 45
26 44 25 44
46 70 45 70
6 32 5 32
39 22 39 21
22 30 22 29
36 15 36 16
18 73 18 74
30 49 29 49
38 31 38 30
40 27 40 26
46 55 45 55
45 26 46 26
5 7 6 7
46 21 45 21
39 45 38 45
42 58 42 59
6 52 5 52
8 34 8 35
23 47 23 48
2 40 1 40
27 36 26 36
48 9 49 9
15 66 15 67
39 62 40 62
12 51 11 51
16 46 16 45
12 52 12 53
29 63 29 64
48 63 48 62
24 41 23 41
28 45 29 45
35 46 35 47
45 61 45 60
15 25 15 26
32 12 33 12
19 30 19 29
14 42 14 41
41 24 41 23
27 24 27 25
10 73 10 74
36 26 37 26
0 13 0 14
48 61 48 60
37 26 36 26
13 35 13 34
15 29 15 30
41 21 42 21
44 62 44 63
37 14 38 14
43 51 43 50
18 64 17 64
40 66 40 65
8 14 8 15
37 26 37 27
18 66 18 65
13 7 13 8
39 50 39 51
10 46 10 45
6 58 5 58
25 28 25 29
46 21 47 21
43 36 43 35
6 44 5 44
32 8 31 8
37 51 36 51
2 65 1 65
46 4 46 5
39 16 38 16
18 73 18 72
14 25 13 25
38 21 38 22
28 41 28 42
35 48 35 47
7 32 8 32
32 21 32 22
23 73 24 73
1 45 1 46
1 9 0 9
25 4 25 3
6 45 6 46
41 10 41 9
0 39 0 40
20 1 20 0
11 33 11 34
11 17 10 17
38 43 38 42
6 19 6 20
4 47 4 48
46 47 45 47
35 31 34 31
0 49 1 49
35 26 35 25
39 73 39 72
16 10 15 10
3 23 3 24
36 38 36 37
17 45 17 44
46 1 46 0
10 74 9 74
31 60 32 60
23 35 23 34
25 72 24 72
20 12 21 12
39 28 40 28
46 56 46 55
19 19 19 18
36 37 35 37
11 45 12 45
46 4 46 5
15 52 16 52
8 4 8 3
27 49 28 49
47 15 48 15
27 12 27 13
31 56 31 55
0 69 0 68
41 19 41 18
8 57 8 56
0 6 0 5
4 46 4 47
18 54 18 55
32 33 33 33
30 58 30 59
36 10 36 11
49 18 48 18
6 68 7 68
27 61 27 62
8 45 8 46
13 47 12 47
21 2 20 2
7 70 7 69
48 54 48 53
14 35 14 36
44 46 44 47
38 47 38 48
13 28 12 28
10 32 11 32
28 40 27 40
28 29 28 30
12 2 13 2
41 34 40 34
27 9 26 9
46 74 47 74
0 70 1 70
14 34 15 34
24 49 24 48
28 59 29 59
20 14 20 15
7 70 6 70
41 7 41 6
30 73 31 73
41 52 41 53
4 23 4 24
7 50 8 50
31 17 30 17
29 16 30 16
6 71 6 72
41 18 40 18
43 0 44 0
26 19 26 18
13 1 12 1
9 17 8 17
17 23 17 24
49 55 49 56
4 61 5 61
17 43 18 43
5 74 5 73
30 67 29 67
21 10 21 9
7 13 8 13
2 3 2 2
45 38 45 37
18 5 18 4
15 32 15 31
41 61 41 60
7 28 7 27
43 36 44 36
26 16 26 15
30 64 30 65
9 48 9 49
11 50 11 51
14 45 14 44
9 41 8 41
4 8 3 8
5 49 4 49
45 8 44 8
2 51 2 52
34 55 33 55
36 60 35 60
0 21 1 21
2 32 2 31
10 48 9 48
31 57 31 58
35 13 35 14
20 19 19 19
42 14 41 14
19 18 18 18
7 55 6 55
38 41 37 41
35 16 35 17
3 45 3 46
48 6 48 7
13 62 13 61
22 47 22 48
38 45 37 45
4 64 3 64
27 58 28 58
4 17 4 16
11 32 12 32
30 17 30 16
22 20 23 20
46 68 47 68
20 33 21 33
1 32 1 33
48 21 48 20
13 2 13 3
45 6 45 7
47 63 47 62
4 24 5 24
4 32 5 32
45 54 44 54
33 3 34 3
30 0 29 0
14 29 14 28
22 27 23 27
26 42 26 41
16 14 17 14
19 36 18 36
40 42 39 42
19 21 20 21
39 18 39 19
7 4 7 5
17 36 18 36
40 50 40 51
46 47 47 47
22 73 22 74
28 42 28 43
40 63 41 63
17 3 17 2
18 22 18 21
29 62 29 61
21 44 21 43
43 13 42 13
13 56 13 55
40 2 40 3
18 51 18 52
16 4 15 4
31 46 31 45
7 38 7 39
2 34 2 33
19 13 19 14
7 59 7 60
0 2 0 3
30 67 31 67
11 59 11 60
13 5 13 6
18 21 18 20
39 2 38 2
49 36 48 36
39 39 38 39
26 8 27 8
3 67 3 68
25 70 25 69
13 52 12 52
9 63 9 64
5 54 5 53
30 22 31 22
11 61 11 60
38 62 39 62
31 51 31 52
6 5 6 6
48 8 49 8
24 35 24 34
27 26 27 27
27 35 27 34
9 43 8 43
48 25 47 25
8 38 8 39
23 1 23 0
2 35 2 36
42 68 42 69
20 17 20 16
43 66 43 67
10 46 10 47
5 23 4 23
40 57 41 57
29 32 29 31
40 15 40 14
16 16 17 16
3 18 4 18
46 37 46 38
18 8 17 8
24 26 23 26
44 11 44 12
38 68 39 68
21 58 21 57
48 12 49 12
49 4 48 4
41 21 42 21
9 26 9 25
37 49 37 48
35 43 35 42
49 44 49 45
6 13 5 13
34 28 34 29
10 49 11 49
45 22 46 22
35 24 35 23
44 17 44 16
43 26 42 26
36 40 37 40
17 0 17 1
8 51 9 51
0 34 0 35
8 18 9 18
32 3 32 4
18 23 17 23
42 35 43 35
48 55 49 55
4 38 4 37
9 6 8 6
33 14 33 13
0 67 0 68
4 25 5 25
39 9 38 9
23 2 24 2
6 47 5 47
41 72 41 73
15 23 15 24
45 55 45 56
14 66 15 66
11 24 10 24
35 49 36 49
45 56 44 56
21 20 22 20
30 20 30 19
11 3 10 3
4 69 4 68
4 62 4 61
6 7 6 6
46 48 46 49
43 60 44 60
6 70 5 70
38 67 39 67
47 63 48 63
15 46 14 46
12 32 12 33
34 63 34 62
27 44 26 44
44 27 44 28
41 73 41 72
31 16 32 16
44 49 44 50
33 14 32 14
5 63 6 63
47 3 46 3
36 68 36 67
28 4 27 4
17 56 17 55
16 53 15 53
24 71 24 70
8 28 7 28
24 22 25 22
13 57 14 57
20 62 20 63
16 11 16 12
35 74 36 74
36 29 37 29
27 22 27 21
14 15 14 14
5 17 4 17
43 0 44 0
24 1 24 0
4 16 3 16
24 37 25 37
35 5 35 6
1 66 1 67
35 2 36 2
25 57 25 58
48 48 48 47
0 4 0 5
23 72 22 72
1 21 1 22
26 27 26 26
33 2 33 3
31 14 30 14
15 15 16 15
25 27 26 27
39 54 39 53
30 54 30 55
11 29 10 29
11 4 10 4
38 30 37 30
3 0 13 74
0
