139
0 1
1 1
1 2
1 3
1 4
2 4
2 5
3 5
3 6
4 6
4 7
5 7
5 8
4 8
3 8
3 9
4 9
4 10
4 11
5 11
5 12
6 12
6 13
7 13
7 14
8 14
8 15
8 16
9 16
10 16
10 17
11 17
11 18
11 19
11 20
11 21
11 22
12 22
12 23
13 23
13 24
13 25
13 26
13 27
14 27
14 28
15 28
15 29
15 30
15 31
15 32
15 33
15 34
16 34
17 34
17 35
17 36
17 37
17 38
17 39
17 40
18 40
19 40
20 40
20 41
21 41
21 42
22 42
22 41
22 40
23 40
24 40
25 40
25 39
25 38
26 38
26 37
25 37
25 36
24 36
24 35
25 35
25 34
25 33
24 33
24 32
24 31
24 30
24 29
24 28
25 28
26 28
27 28
28 28
28 27
28 26
29 26
30 26
30 25
30 24
30 23
30 22
31 22
32 22
33 22
34 22
34 21
34 20
34 19
35 19
35 18
35 17
36 17
37 17
37 16
38 16
39 16
40 16
41 16
41 15
41 14
41 13
41 12
41 11
42 11
42 10
42 9
43 9
43 8
44 8
45 8
46 8
46 7
47 7
48 7
48 6
49 6
49 5
49 4
