139
0 1
1 1
1 2
1 3
1 4
2 4
2 5
3 5
3 6
4 6
4 7
5 7
6 7
7 7
8 7
8 8
9 8
9 9
9 10
8 10
8 11
8 12
7 12
7 13
7 14
7 15
7 16
7 17
7 18
8 18
9 18
9 19
10 19
11 19
11 20
11 21
11 22
12 22
13 22
13 23
13 24
13 25
13 26
13 27
14 27
14 28
15 28
15 29
15 30
15 31
15 32
15 33
15 34
16 34
17 34
17 35
17 36
17 37
17 38
17 39
17 40
18 40
19 40
20 40
20 41
21 41
21 42
22 42
23 42
23 41
24 41
25 41
26 41
27 41
28 41
29 41
30 41
30 40
31 40
32 40
33 40
33 39
33 38
32 38
31 38
31 37
31 36
30 36
30 35
30 34
30 33
30 32
30 31
30 30
30 29
30 28
30 27
31 27
32 27
33 27
34 27
35 27
36 27
36 26
36 25
36 24
36 23
36 22
37 22
37 21
37 20
37 19
38 19
39 19
40 19
40 18
40 17
41 17
41 16
41 15
41 14
41 13
41 12
41 11
42 11
42 10
42 9
43 9
44 9
44 8
44 7
45 7
46 7
47 7
48 7
48 6
49 6
49 5
49 4
