50
50
3749
46 35 47 35
45 27 46 27
4 12 5 12
36 27 36 26
35 14 35 13
30 49 31 49
9 28 10 28
25 19 26 19
21 39 20 39
33 2 32 2
37 49 38 49
15 44 15 43
13 37 14 37
20 24 20 23
16 6 16 7
0 16 0 17
38 43 38 42
34 15 34 14
14 48 14 47
47 37 47 38
15 4 14 4
11 31 10 31
20 46 20 47
9 17 8 17
12 35 12 34
18 35 17 35
3 25 3 24
6 9 7 9
47 22 46 22
43 38 42 38
34 1 34 2
28 23 28 24
10 32 10 31
19 46 19 47
33 15 32 15
14 20 14 21
39 28 40 28
29 28 28 28
21 27 21 28
0 20 1 20
33 5 32 5
49 35 49 36
12 47 12 46
43 17 43 16
12 0 13 0
15 16 15 17
44 6 44 5
32 37 32 36
47 9 48 9
35 9 35 10
11 43 10 43
40 42 41 42
41 6 42 6
28 2 28 1
9 14 9 13
10 29 10 28
30 25 29 25
29 7 29 6
8 7 8 8
14 42 13 42
41 4 42 4
24 44 24 43
45 37 44 37
11 17 10 17
46 27 46 26
33 39 33 38
34 21 35 21
46 1 46 2
43 11 43 10
1 28 1 27
18 21 17 21
31 45 32 45
38 42 38 41
1 3 0 3
19 1 19 2
2 34 1 34
17 21 17 22
8 17 8 16
8 12 7 12
15 13 14 13
14 31 15 31
20 12 19 12
22 2 23 2
13 6 12 6
22 27 22 26
10 31 9 31
38 7 37 7
41 17 41 16
6 32 7 32
15 18 16 18
27 42 27 41
33 6 33 5
42 30 43 30
5 41 5 40
5 30 5 31
25 18 25 17
15 10 15 11
16 16 17 16
31 18 31 17
29 33 28 33
41 12 41 13
6 45 6 46
29 40 30 40
27 45 26 45
9 0 10 0
39 26 40 26
29 43 30 43
37 9 37 8
26 42 26 41
13 23 13 24
20 15 19 15
18 23 19 23
24 3 25 3
13 32 13 33
40 43 41 43
0 35 1 35
29 14 28 14
19 3 18 3
26 29 25 29
3 44 2 44
16 15 16 16
41 33 40 33
11 10 12 10
22 23 21 23
30 15 31 15
40 16 40 15
27 47 27 46
6 16 5 16
47 45 47 46
31 48 30 48
38 16 39 16
12 7 12 6
11 21 11 20
14 45 14 46
1 27 2 27
47 44 47 43
28 1 27 1
15 0 15 1
30 31 30 30
41 21 41 20
17 35 17 34
26 47 27 47
44 14 44 15
8 47 7 47
38 44 38 45
15 25 15 24
9 40 9 39
49 22 49 21
40 13 41 13
48 32 49 32
15 11 14 11
3 11 3 12
36 7 36 8
48 16 48 15
25 4 26 4
49 20 48 20
24 31 23 31
2 32 2 33
11 23 10 23
43 23 43 24
11 40 10 40
28 43 29 43
8 31 8 30
4 29 3 29
48 4 48 5
38 4 38 5
3 30 2 30
42 45 42 46
38 39 38 38
18 2 18 1
11 41 10 41
22 48 22 49
48 46 48 45
30 34 30 33
34 37 34 36
36 42 36 41
29 32 29 33
46 2 45 2
2 13 2 14
4 24 3 24
38 48 38 47
19 28 18 28
46 12 46 13
2 33 3 33
44 20 44 21
31 1 32 1
10 47 10 48
41 49 41 48
5 6 4 6
12 44 11 44
18 44 19 44
21 16 22 16
7 12 7 11
33 16 33 17
9 10 10 10
31 42 30 42
35 2 35 1
43 45 43 46
14 2 14 3
9 16 9 17
5 34 5 33
49 6 48 6
21 15 20 15
6 0 6 1
27 12 27 13
19 43 20 43
13 29 14 29
4 22 3 22
46 39 46 38
45 48 45 49
37 5 37 6
26 4 27 4
33 26 33 25
3 34 4 34
39 13 40 13
37 35 37 34
26 4 26 3
18 0 19 0
13 45 13 46
23 35 23 36
22 11 23 11
28 45 29 45
0 48 0 47
24 39 25 39
8 28 8 27
37 8 37 7
48 35 47 35
7 18 6 18
29 44 30 44
9 16 10 16
46 46 46 45
10 48 9 48
9 22 9 23
24 32 24 33
23 22 22 22
23 20 24 20
26 3 26 2
30 10 30 9
30 41 29 41
16 3 15 3
14 1 14 2
9 11 10 11
4 21 4 20
3 20 3 19
24 43 23 43
34 20 34 21
47 0 48 0
30 32 31 32
10 1 9 1
5 15 5 16
47 27 46 27
5 22 4 22
2 27 2 28
22 1 22 0
13 37 12 37
10 36 11 36
16 16 16 17
16 26 16 25
21 34 20 34
25 31 26 31
43 23 43 22
31 28 31 27
17 33 18 33
23 5 22 5
22 18 23 18
42 30 42 31
16 47 15 47
22 15 22 14
30 37 29 37
5 14 5 13
9 7 9 8
46 41 45 41
8 8 9 8
46 33 45 33
16 49 17 49
14 38 15 38
25 18 24 18
19 23 20 23
48 34 48 33
0 30 0 31
33 40 34 40
47 37 46 37
20 25 20 24
12 41 13 41
34 24 35 24
5 38 5 39
41 14 42 14
17 35 16 35
9 35 9 34
8 37 8 36
3 21 4 21
5 20 5 19
41 41 42 41
32 3 31 3
22 39 23 39
30 46 30 47
26 37 26 38
40 6 40 5
29 17 29 18
2 28 3 28
4 36 3 36
39 27 39 28
49 11 49 10
2 36 2 37
30 16 30 17
49 43 49 44
33 35 34 35
5 15 6 15
11 19 11 20
5 27 5 26
22 33 21 33
8 24 7 24
36 23 36 24
20 26 21 26
44 8 43 8
13 9 14 9
23 45 23 44
39 2 39 3
25 13 25 14
39 21 39 20
34 43 33 43
20 3 20 2
33 42 32 42
7 14 6 14
18 8 17 8
47 23 47 22
21 46 21 47
30 38 31 38
7 13 6 13
3 3 4 3
26 39 26 40
37 9 36 9
23 42 23 41
32 2 31 2
19 20 20 20
14 19 14 18
21 42 22 42
23 22 24 22
29 31 28 31
41 13 41 14
29 2 28 2
21 25 21 26
6 7 7 7
6 26 6 27
16 43 16 42
1 14 0 14
33 40 32 40
3 21 2 21
39 22 39 21
27 16 27 17
9 45 8 45
35 25 36 25
25 33 25 34
35 49 35 48
14 2 15 2
37 36 38 36
34 41 33 41
13 30 14 30
29 10 29 11
7 19 7 18
38 20 39 20
45 7 44 7
11 32 11 33
5 17 4 17
43 33 43 32
45 7 45 6
12 22 11 22
2 1 1 1
10 9 10 8
14 47 13 47
36 44 35 44
35 7 35 6
17 13 16 13
0 8 0 9
9 2 9 3
26 16 26 17
23 21 23 22
33 31 32 31
17 33 16 33
28 18 28 19
24 37 24 36
41 39 40 39
39 25 39 26
12 36 13 36
44 12 44 11
47 37 48 37
20 34 20 33
34 2 35 2
45 32 45 31
14 8 14 9
37 41 37 40
39 5 39 4
7 4 6 4
32 24 32 23
5 10 4 10
12 8 12 9
39 22 39 23
3 17 3 18
7 6 6 6
38 46 39 46
7 42 8 42
40 7 39 7
11 16 11 15
2 48 1 48
29 6 30 6
11 18 11 19
25 7 26 7
49 12 49 11
25 20 26 20
42 10 42 11
15 20 16 20
37 12 37 11
38 25 38 24
40 7 40 6
6 18 6 17
24 46 24 45
37 22 37 21
11 16 10 16
31 33 31 32
45 23 45 24
16 34 15 34
3 24 2 24
41 14 41 15
36 22 37 22
22 24 22 23
14 25 15 25
32 9 31 9
23 4 24 4
27 21 28 21
5 24 5 23
10 17 10 16
22 4 23 4
4 4 5 4
33 28 33 27
6 36 5 36
6 0 7 0
22 32 21 32
21 8 21 9
44 35 44 34
4 40 4 39
37 2 36 2
37 26 36 26
11 32 10 32
35 15 35 14
36 22 35 22
44 0 44 1
1 19 2 19
30 24 30 25
36 13 35 13
9 2 9 1
36 13 37 13
21 49 21 48
34 35 34 34
34 39 34 38
34 33 33 33
16 30 15 30
11 34 12 34
39 14 39 15
11 2 12 2
36 11 36 12
40 49 41 49
24 20 24 19
1 41 1 40
6 25 6 26
12 43 11 43
43 4 43 3
43 45 42 45
20 7 20 8
8 45 8 44
8 9 7 9
15 37 15 38
10 40 10 39
45 46 45 47
14 8 15 8
13 3 14 3
46 47 46 48
47 17 46 17
13 29 13 30
28 38 28 37
13 5 13 6
6 17 7 17
8 42 8 41
16 40 16 41
22 37 22 36
37 37 38 37
42 30 41 30
49 43 48 43
30 45 30 44
13 49 14 49
5 7 6 7
2 23 3 23
46 48 47 48
49 33 49 32
18 27 18 26
30 27 30 28
47 23 47 24
31 5 31 4
33 19 33 20
9 26 8 26
32 30 32 31
44 26 44 27
44 35 45 35
31 36 30 36
22 6 22 5
43 36 43 37
10 35 10 34
28 19 29 19
43 2 43 1
7 13 7 12
28 45 27 45
24 40 23 40
19 34 20 34
1 18 2 18
18 42 17 42
35 48 34 48
34 26 35 26
39 21 40 21
12 28 12 27
16 8 15 8
49 32 49 31
11 3 11 2
9 4 9 3
44 25 45 25
35 38 35 39
16 26 16 27
31 10 32 10
5 14 4 14
9 32 9 31
8 33 8 32
24 4 24 3
22 0 23 0
10 37 10 36
36 3 36 2
10 35 9 35
12 4 11 4
38 19 37 19
49 27 49 28
44 26 44 25
43 2 42 2
49 24 49 23
27 34 28 34
48 22 48 21
45 32 46 32
5 44 4 44
14 31 14 30
41 19 42 19
0 20 0 19
42 17 41 17
31 10 31 9
26 9 27 9
19 39 20 39
1 37 0 37
37 35 36 35
7 40 8 40
34 6 34 5
27 49 27 48
14 41 14 42
27 25 26 25
45 1 46 1
37 21 37 20
15 24 15 23
18 11 19 11
4 21 4 22
36 5 37 5
49 27 49 26
34 4 34 5
40 19 39 19
12 48 12 49
47 43 48 43
40 30 40 29
23 48 22 48
46 18 45 18
4 24 5 24
2 12 1 12
6 12 6 13
9 48 8 48
11 38 11 39
5 3 6 3
25 0 25 1
45 42 46 42
40 18 40 19
10 14 10 13
43 21 42 21
47 25 48 25
6 34 7 34
43 43 43 44
36 5 35 5
0 12 1 12
12 37 12 38
18 35 18 34
7 25 7 24
45 37 45 36
2 30 2 31
36 27 37 27
30 34 30 35
40 29 39 29
46 15 46 16
45 17 46 17
47 29 48 29
47 9 47 10
12 4 12 5
43 9 44 9
46 45 47 45
26 27 27 27
40 17 39 17
49 15 49 16
16 11 16 10
44 10 44 11
12 12 13 12
48 23 49 23
16 19 16 18
18 17 19 17
48 45 47 45
14 35 15 35
9 36 8 36
21 4 22 4
0 49 0 48
9 13 8 13
19 29 18 29
39 29 39 30
15 47 15 46
0 15 1 15
30 14 30 13
15 42 15 41
8 13 8 12
13 16 14 16
30 25 31 25
11 46 11 45
2 37 2 38
19 2 18 2
6 2 6 3
11 32 12 32
10 23 9 23
45 40 45 39
47 14 48 14
26 46 25 46
20 7 21 7
43 12 42 12
44 39 45 39
10 2 9 2
43 13 44 13
6 10 5 10
11 30 11 31
31 29 31 30
18 5 18 6
41 20 41 19
41 15 42 15
43 11 43 12
49 24 49 25
38 17 38 16
3 23 3 22
8 36 8 35
12 19 11 19
32 37 32 38
48 19 48 20
23 12 24 12
13 3 13 4
33 48 32 48
45 48 45 47
12 36 12 37
39 41 38 41
29 49 28 49
48 11 48 10
6 45 5 45
40 21 41 21
44 34 44 33
16 17 16 18
0 15 0 16
9 27 9 28
36 18 36 19
37 49 37 48
36 49 37 49
30 42 29 42
17 8 17 9
1 8 0 8
35 18 35 19
10 6 10 5
24 43 25 43
39 22 40 22
16 8 16 9
41 41 40 41
11 43 11 42
4 25 3 25
29 42 29 41
25 46 25 47
37 33 37 34
25 43 26 43
36 17 36 16
47 7 48 7
9 25 9 26
21 16 20 16
6 33 5 33
13 14 13 15
30 40 30 41
6 29 5 29
4 6 3 6
6 43 7 43
6 42 5 42
8 25 7 25
32 14 31 14
0 20 0 21
44 35 43 35
32 15 31 15
14 24 14 25
33 28 34 28
44 37 43 37
25 43 25 42
14 23 13 23
29 31 29 32
13 15 13 16
28 16 28 17
26 12 25 12
41 44 42 44
48 10 49 10
27 40 28 40
14 15 14 14
44 31 45 31
9 6 9 5
5 32 4 32
34 26 34 25
32 26 31 26
6 42 6 43
46 8 46 7
31 2 30 2
39 31 39 32
37 29 38 29
12 34 13 34
1 20 1 21
34 3 33 3
29 8 30 8
20 16 20 17
0 14 0 15
48 45 48 44
27 34 27 35
21 14 20 14
41 2 41 3
19 14 19 13
29 18 28 18
33 34 33 35
13 4 13 5
15 4 15 3
0 33 0 32
19 4 20 4
8 47 9 47
26 16 27 16
29 48 30 48
5 16 4 16
33 1 32 1
26 3 25 3
47 18 48 18
12 21 12 20
12 42 13 42
26 2 25 2
46 28 46 29
30 10 31 10
33 15 34 15
40 48 39 48
31 20 30 20
31 46 31 47
41 10 40 10
33 22 32 22
33 0 32 0
44 27 45 27
6 10 6 9
36 0 35 0
16 42 16 41
39 34 38 34
32 19 33 19
20 4 21 4
11 34 10 34
33 29 34 29
15 37 16 37
14 43 14 42
34 10 35 10
7 26 7 27
26 15 27 15
9 22 8 22
16 33 16 34
19 19 18 19
37 15 37 16
4 8 5 8
38 34 38 35
7 41 7 42
46 3 47 3
18 40 19 40
27 41 26 41
25 34 25 35
48 21 48 20
14 37 14 38
42 33 42 34
14 40 14 39
36 39 36 40
30 29 29 29
10 49 10 48
8 28 8 29
43 3 44 3
27 1 27 0
28 15 29 15
28 5 27 5
32 16 32 15
20 3 21 3
10 33 9 33
22 45 22 46
25 6 25 7
20 49 21 49
48 29 48 28
40 38 41 38
26 26 27 26
47 9 46 9
6 31 6 32
7 41 6 41
36 15 35 15
17 41 17 40
23 11 23 12
37 11 37 10
3 11 3 10
34 4 33 4
24 32 24 31
17 29 17 30
36 46 36 45
28 2 27 2
27 27 27 28
28 15 28 16
44 4 44 3
21 30 21 29
25 47 25 48
39 23 39 24
35 11 36 11
22 45 21 45
26 23 25 23
22 3 21 3
30 31 30 32
0 40 0 41
34 35 35 35
21 6 21 7
43 31 44 31
45 23 45 22
35 8 34 8
22 32 23 32
43 8 43 7
17 32 18 32
20 15 20 14
38 15 38 16
24 49 23 49
14 23 14 22
36 16 36 15
6 11 7 11
0 49 1 49
5 21 6 21
7 16 7 17
34 33 34 32
15 5 15 6
30 43 30 42
34 17 34 16
23 20 23 21
12 26 12 27
28 33 27 33
24 40 25 40
32 27 31 27
23 44 22 44
31 24 31 25
5 9 5 10
32 34 31 34
30 9 29 9
48 17 49 17
27 29 27 30
9 33 9 34
33 43 32 43
48 32 47 32
22 14 21 14
9 44 10 44
17 23 17 24
22 43 22 42
32 22 31 22
22 7 22 8
3 1 3 0
11 2 10 2
28 24 27 24
32 6 32 5
47 18 47 17
29 37 29 36
43 41 43 42
26 48 26 49
1 20 1 19
21 25 20 25
17 39 17 38
46 19 45 19
40 3 41 3
8 44 9 44
42 20 42 21
0 23 0 24
7 2 7 3
13 32 14 32
39 45 40 45
4 15 4 16
9 23 9 24
30 15 30 14
48 17 48 18
39 35 38 35
7 21 6 21
16 31 16 32
44 38 44 39
26 3 27 3
11 44 10 44
29 48 29 49
25 10 26 10
18 40 17 40
31 40 31 39
19 31 19 32
7 38 6 38
8 6 8 7
24 1 25 1
47 29 46 29
49 40 48 40
1 22 2 22
11 48 12 48
36 20 36 21
27 37 26 37
42 14 43 14
46 11 45 11
7 13 7 14
25 36 24 36
29 47 29 46
2 29 3 29
18 7 18 8
43 1 44 1
23 11 23 10
43 24 44 24
14 0 14 1
1 31 1 32
41 7 41 6
17 23 17 22
9 43 9 44
27 43 26 43
10 38 9 38
22 2 22 1
23 6 23 5
19 47 19 48
13 40 14 40
35 9 35 8
8 18 8 19
29 30 30 30
44 20 44 19
7 45 7 46
23 18 23 19
24 41 25 41
34 42 35 42
4 3 4 2
1 39 0 39
28 35 28 36
44 42 44 41
14 17 13 17
40 37 41 37
15 14 14 14
41 4 41 5
37 47 37 48
47 47 47 48
12 7 12 8
35 47 35 46
47 14 46 14
2 5 3 5
15 16 14 16
22 3 22 4
26 48 27 48
43 18 42 18
23 3 24 3
43 0 44 0
28 5 28 4
18 20 18 19
1 42 1 43
33 24 32 24
31 0 31 1
47 11 47 10
8 42 8 43
14 35 14 36
25 9 26 9
37 4 38 4
13 32 13 31
44 6 43 6
48 42 48 41
42 23 42 22
36 20 37 20
29 30 29 31
27 44 28 44
46 21 45 21
18 10 18 9
42 23 41 23
20 19 20 20
19 13 18 13
13 14 12 14
30 8 31 8
2 46 3 46
34 25 35 25
21 1 20 1
21 13 21 14
32 33 32 32
49 5 48 5
41 2 40 2
31 4 31 3
27 23 27 24
11 40 11 39
7 22 8 22
3 47 2 47
0 38 0 39
8 16 8 15
37 5 37 4
22 32 22 33
9 22 9 21
41 44 41 45
13 22 13 21
35 32 35 31
48 4 47 4
7 15 7 16
4 27 5 27
32 29 32 28
9 8 9 9
3 20 4 20
44 19 43 19
36 15 36 14
45 29 45 30
29 5 29 6
39 39 39 38
16 5 15 5
34 8 33 8
5 49 6 49
43 48 43 47
15 45 14 45
43 29 43 28
15 10 15 9
31 49 32 49
26 34 25 34
30 2 30 3
9 37 10 37
36 37 37 37
27 14 28 14
36 31 36 32
3 15 2 15
12 41 12 40
33 32 33 31
7 40 7 39
29 28 30 28
4 10 4 11
23 6 24 6
26 35 27 35
8 22 8 23
46 39 46 40
23 10 24 10
3 43 4 43
35 32 34 32
37 38 36 38
16 42 15 42
8 1 7 1
19 49 20 49
2 25 1 25
8 28 9 28
46 3 45 3
27 40 27 41
8 21 9 21
38 39 37 39
2 48 3 48
39 30 38 30
6 0 5 0
13 4 14 4
30 12 31 12
42 10 42 9
8 40 8 41
10 29 10 30
48 39 48 38
2 32 1 32
2 23 2 22
7 30 7 29
14 43 13 43
44 23 44 22
7 17 8 17
24 27 25 27
18 38 19 38
27 45 27 46
1 6 2 6
31 21 31 20
14 26 14 25
24 1 24 0
26 33 27 33
9 4 9 5
31 34 31 33
34 11 34 12
18 37 17 37
28 40 29 40
11 4 11 3
46 8 45 8
2 34 3 34
27 5 26 5
0 33 1 33
48 44 49 44
4 1 4 2
29 3 30 3
47 38 47 39
37 25 36 25
18 35 18 36
6 46 6 47
23 7 23 8
1 6 0 6
49 46 49 47
48 13 49 13
32 17 32 16
24 49 24 48
28 37 29 37
14 6 14 7
16 12 16 13
27 37 28 37
41 40 41 41
2 40 2 41
33 38 32 38
12 49 13 49
15 30 15 31
43 44 43 45
18 41 17 41
38 35 38 36
16 37 17 37
40 20 41 20
29 12 28 12
44 23 43 23
3 38 3 37
49 31 49 30
1 41 1 42
17 11 17 10
22 49 23 49
20 17 21 17
37 38 37 39
40 25 39 25
43 26 43 27
25 25 25 26
42 47 42 48
42 42 43 42
48 1 48 0
17 22 18 22
41 15 41 16
8 42 9 42
4 45 5 45
45 37 45 38
45 13 46 13
46 8 46 9
16 6 16 5
43 33 42 33
10 1 10 0
3 18 2 18
21 11 21 10
13 19 12 19
32 17 31 17
2 15 2 14
14 31 14 32
37 37 37 38
27 42 28 42
38 13 38 14
17 28 17 27
39 14 38 14
15 34 15 33
39 36 39 37
20 2 21 2
34 24 34 23
8 1 8 0
3 39 3 40
11 7 10 7
25 25 24 25
22 14 22 13
34 36 34 35
28 47 29 47
1 31 2 31
10 41 9 41
14 46 14 47
32 7 31 7
29 0 28 0
42 45 42 44
45 31 46 31
35 9 34 9
11 23 11 24
2 19 3 19
3 45 2 45
12 5 13 5
46 13 46 14
44 11 43 11
31 46 31 45
45 36 44 36
9 40 9 41
25 46 24 46
23 7 24 7
5 1 5 0
17 34 16 34
40 1 41 1
27 32 27 33
35 18 36 18
4 30 3 30
26 5 26 4
42 44 42 43
14 17 14 18
48 34 47 34
38 37 38 36
35 43 34 43
22 20 22 21
0 30 1 30
1 33 1 32
7 36 7 35
37 39 36 39
11 10 11 9
28 45 28 44
32 25 32 24
1 28 1 29
32 32 33 32
38 34 37 34
25 45 25 46
0 23 0 22
17 2 16 2
4 33 4 32
12 47 13 47
4 1 4 0
36 41 35 41
39 18 40 18
5 19 4 19
19 38 19 37
0 43 0 42
7 2 6 2
2 17 2 16
33 10 33 9
21 1 21 2
3 7 2 7
11 28 10 28
20 28 20 29
15 37 15 36
28 29 29 29
8 36 7 36
1 3 1 2
42 24 43 24
4 28 4 27
23 27 22 27
42 7 42 8
7 18 8 18
26 26 26 27
15 31 15 32
28 34 28 35
3 28 4 28
30 33 31 33
15 22 14 22
20 5 21 5
1 47 0 47
6 35 5 35
37 0 38 0
37 31 37 32
41 34 40 34
28 30 28 31
35 31 34 31
23 33 23 34
18 45 18 44
32 3 33 3
25 40 26 40
21 22 21 23
18 48 18 47
29 8 29 9
0 12 0 13
26 38 25 38
6 48 7 48
7 39 8 39
11 35 11 34
31 26 31 27
49 3 49 4
24 48 25 48
4 7 4 6
32 18 32 17
22 30 22 29
25 11 25 12
47 25 46 25
45 29 45 28
42 47 43 47
38 21 39 21
16 11 17 11
11 8 10 8
10 7 10 6
24 1 24 2
45 0 44 0
24 46 24 47
27 40 27 39
44 39 43 39
36 5 36 6
47 18 47 19
26 40 26 41
35 2 36 2
8 26 8 25
17 45 17 46
11 30 10 30
15 39 15 38
22 35 22 34
30 43 30 44
33 46 33 45
5 48 6 48
20 0 21 0
42 5 42 4
49 3 49 2
13 25 13 24
0 7 1 7
36 43 37 43
2 29 1 29
40 49 39 49
46 41 46 42
21 25 22 25
41 39 42 39
35 4 35 5
14 6 15 6
35 44 35 43
5 46 5 45
7 9 7 8
47 3 48 3
8 34 8 33
19 49 19 48
35 36 35 37
46 41 47 41
29 7 28 7
43 34 43 33
47 29 47 28
19 7 19 8
0 36 1 36
26 21 26 22
14 0 13 0
34 45 34 44
12 16 12 17
30 36 30 35
44 19 45 19
45 21 45 20
45 47 46 47
48 46 49 46
19 45 19 44
14 45 14 44
7 34 7 35
38 29 38 30
43 6 43 5
3 17 3 16
14 17 14 16
22 37 23 37
33 1 33 0
14 43 15 43
16 38 16 39
3 47 4 47
44 40 45 40
23 34 22 34
48 39 48 40
37 3 38 3
2 11 2 12
38 47 38 46
48 28 48 27
23 39 23 38
20 41 21 41
20 21 20 22
14 35 13 35
47 23 48 23
30 21 30 20
49 4 49 5
8 4 8 3
3 27 3 28
39 43 40 43
29 16 29 15
47 39 46 39
25 9 25 10
33 25 32 25
33 5 33 4
7 14 7 15
24 9 24 10
11 46 10 46
44 33 45 33
31 12 31 13
9 24 9 25
28 48 27 48
43 13 43 12
26 8 26 7
46 25 46 26
29 39 30 39
36 35 36 36
20 40 19 40
10 21 10 20
6 40 7 40
46 30 45 30
13 1 14 1
6 28 6 27
42 39 43 39
12 7 13 7
25 24 26 24
11 20 12 20
48 8 47 8
1 23 2 23
11 1 11 0
49 9 48 9
47 36 48 36
3 9 3 8
31 22 30 22
4 49 3 49
30 11 30 10
9 12 9 13
43 23 42 23
20 4 20 5
13 41 13 40
33 1 33 2
20 12 20 13
31 5 30 5
46 31 47 31
19 21 20 21
37 41 38 41
41 33 42 33
46 45 45 45
33 33 33 34
17 37 17 38
17 35 17 36
43 4 42 4
27 43 28 43
2 41 3 41
38 25 37 25
45 9 46 9
3 4 4 4
24 24 23 24
3 43 3 42
13 38 13 37
44 18 44 17
16 36 15 36
23 0 24 0
30 5 29 5
35 45 35 44
42 40 42 41
30 45 30 46
27 20 28 20
10 25 10 24
31 38 31 39
7 32 7 33
26 0 26 1
33 25 34 25
46 36 46 37
24 17 25 17
9 46 10 46
17 6 17 5
21 38 20 38
21 8 22 8
21 44 20 44
29 20 29 21
22 45 22 44
10 6 9 6
20 23 21 23
42 9 43 9
13 10 13 9
18 11 18 12
5 23 6 23
41 43 42 43
4 11 5 11
20 37 19 37
31 1 30 1
26 18 27 18
30 26 29 26
27 2 26 2
9 19 10 19
28 41 29 41
7 24 7 23
12 35 13 35
8 29 8 30
29 7 29 8
37 10 37 9
21 10 20 10
45 27 45 26
7 37 7 38
41 16 40 16
15 5 15 4
16 4 16 3
11 15 12 15
3 5 4 5
24 28 25 28
5 25 4 25
5 43 5 44
32 9 33 9
6 22 7 22
9 6 9 7
37 30 37 31
45 11 44 11
41 46 40 46
23 35 24 35
24 42 24 41
44 33 44 32
22 17 21 17
7 26 7 25
1 15 1 16
28 39 29 39
24 6 24 7
16 32 16 33
4 16 3 16
3 10 4 10
26 33 25 33
1 42 0 42
33 44 33 45
47 20 47 21
14 48 14 49
45 7 46 7
46 5 46 6
4 37 4 38
37 20 38 20
32 34 32 33
32 7 33 7
39 45 39 46
36 24 37 24
5 30 5 29
3 31 2 31
44 20 43 20
17 18 18 18
36 1 36 2
39 42 38 42
41 21 41 22
0 9 1 9
20 16 20 15
29 23 28 23
29 29 29 30
4 25 4 26
28 26 28 27
3 17 4 17
19 17 19 16
34 0 35 0
5 44 6 44
13 25 13 26
14 28 14 27
36 48 36 47
21 12 21 11
7 45 6 45
39 9 39 8
2 9 2 8
17 16 18 16
20 29 19 29
19 5 19 4
41 37 42 37
31 28 32 28
26 30 26 29
16 47 16 46
9 20 10 20
46 22 46 21
34 41 35 41
34 29 35 29
38 32 38 31
39 0 38 0
12 31 11 31
45 29 44 29
5 19 5 18
37 16 37 17
48 22 49 22
30 23 30 24
35 49 36 49
49 29 49 28
20 31 21 31
7 10 6 10
39 47 40 47
16 28 15 28
35 27 35 28
16 46 17 46
16 7 16 8
24 27 23 27
43 25 43 24
40 29 40 28
48 17 48 16
46 33 46 32
42 0 42 1
32 26 33 26
6 27 7 27
9 26 9 27
5 8 5 7
10 5 11 5
20 32 21 32
36 25 36 26
23 13 23 12
37 44 37 45
45 0 46 0
41 21 42 21
25 2 25 1
12 11 11 11
32 34 33 34
30 18 30 17
23 46 22 46
33 29 33 28
20 38 20 37
2 3 1 3
1 13 0 13
20 36 21 36
31 40 30 40
19 48 18 48
14 25 13 25
34 44 34 43
29 28 29 29
11 33 11 34
5 31 5 32
4 20 5 20
2 1 2 0
0 22 1 22
12 9 12 10
18 41 19 41
9 10 9 9
28 39 27 39
17 18 17 19
7 0 8 0
30 13 29 13
17 14 18 14
20 43 20 44
39 13 39 14
12 22 12 23
18 0 18 1
19 31 19 30
42 0 43 0
44 7 44 8
1 38 1 37
16 25 16 24
23 44 23 43
36 6 36 7
46 18 46 17
18 38 17 38
0 48 1 48
21 43 21 42
4 23 4 24
31 11 32 11
39 27 39 26
4 7 5 7
3 37 4 37
9 10 8 10
7 14 8 14
0 41 0 42
34 25 34 24
24 49 25 49
34 38 33 38
6 3 6 4
18 14 18 15
11 4 10 4
6 40 5 40
38 8 38 9
32 41 33 41
42 3 43 3
37 40 36 40
43 18 44 18
8 30 7 30
12 39 11 39
11 1 12 1
11 48 10 48
18 14 18 13
21 42 21 41
16 38 15 38
28 46 27 46
45 10 45 11
45 34 45 33
22 27 21 27
18 32 19 32
12 35 12 36
11 45 10 45
24 45 23 45
3 27 3 26
24 14 23 14
36 27 35 27
45 45 45 44
7 21 8 21
35 38 36 38
9 12 10 12
16 0 17 0
38 5 38 6
23 36 22 36
38 32 39 32
36 48 37 48
24 21 24 22
35 41 35 40
44 44 45 44
3 45 3 44
26 23 26 24
46 4 47 4
15 26 15 25
42 17 42 18
49 41 49 42
13 23 12 23
33 35 33 36
39 38 40 38
21 22 21 21
25 13 25 12
7 28 7 27
39 41 40 41
18 25 19 25
36 12 35 12
4 31 4 32
34 15 35 15
28 20 28 21
48 19 47 19
34 30 35 30
28 25 27 25
39 9 39 10
47 43 46 43
28 27 28 28
49 33 49 34
4 46 5 46
4 3 5 3
33 14 32 14
19 30 18 30
24 31 25 31
20 6 21 6
40 13 40 12
41 11 42 11
10 18 10 17
8 3 8 2
37 1 38 1
11 19 10 19
25 17 25 16
34 13 34 14
26 45 26 44
22 5 22 4
24 41 23 41
6 40 6 39
20 24 19 24
21 31 21 30
44 46 45 46
12 25 11 25
29 18 30 18
0 45 1 45
41 7 41 8
29 14 29 15
17 44 16 44
37 42 37 41
17 42 17 43
5 12 5 11
29 3 29 4
5 32 6 32
23 1 24 1
38 40 37 40
22 35 22 36
40 4 40 3
3 41 4 41
33 9 34 9
8 2 7 2
26 28 27 28
41 18 42 18
3 48 3 49
5 38 6 38
31 38 31 37
14 5 14 4
19 34 19 33
28 27 29 27
4 37 4 36
4 10 4 9
25 15 26 15
45 6 46 6
25 22 26 22
28 26 29 26
6 30 6 31
23 7 22 7
39 3 38 3
18 48 18 49
3 45 4 45
47 10 46 10
28 22 28 23
49 14 48 14
43 17 44 17
42 28 42 27
5 22 5 21
1 25 1 24
49 40 49 39
25 37 25 36
21 9 20 9
35 3 34 3
43 15 43 16
41 31 41 30
32 8 32 9
9 27 10 27
22 10 22 9
33 43 33 42
39 34 40 34
26 18 26 17
24 19 24 18
4 14 4 13
13 3 12 3
14 9 14 10
48 38 48 37
25 31 25 30
21 45 21 44
36 10 36 9
43 32 43 31
39 47 39 48
0 11 1 11
29 14 29 13
26 12 26 11
40 11 39 11
12 17 12 18
21 35 22 35
37 13 37 14
42 3 41 3
21 1 21 0
24 14 24 15
20 46 19 46
11 28 11 27
2 42 1 42
36 30 37 30
22 6 21 6
0 4 1 4
12 24 12 23
21 47 22 47
38 49 38 48
44 26 43 26
44 29 43 29
48 7 48 6
34 19 33 19
10 18 9 18
47 1 47 0
28 29 27 29
38 3 38 2
21 10 21 9
42 22 41 22
43 10 42 10
47 7 46 7
11 36 11 37
25 45 26 45
8 19 9 19
9 30 9 31
40 1 40 2
12 25 12 26
11 13 11 14
20 36 19 36
43 46 43 47
25 5 26 5
6 37 7 37
12 49 11 49
20 48 20 47
28 38 28 39
42 8 43 8
6 22 6 23
1 7 1 8
40 35 41 35
42 26 41 26
31 40 32 40
4 39 5 39
23 14 23 15
43 48 43 49
13 14 13 13
14 14 13 14
24 33 25 33
7 5 6 5
17 36 17 37
46 24 46 23
11 8 12 8
9 0 8 0
12 37 11 37
0 28 1 28
18 13 18 12
19 30 19 29
44 38 44 37
46 2 47 2
42 41 43 41
41 13 42 13
31 10 31 11
23 9 24 9
25 22 24 22
9 37 9 38
31 42 31 43
7 44 7 45
9 38 8 38
30 23 29 23
26 6 26 7
35 34 35 33
2 10 2 9
28 32 27 32
9 39 9 38
39 39 40 39
40 33 40 34
46 44 46 43
5 33 4 33
8 11 8 10
14 44 13 44
20 18 20 19
5 25 5 26
28 17 27 17
29 16 30 16
15 27 14 27
20 41 20 40
9 2 8 2
21 30 22 30
21 10 22 10
1 2 0 2
40 9 39 9
40 9 40 8
38 10 38 9
36 17 37 17
26 24 26 25
29 35 29 34
24 4 24 5
44 47 43 47
25 31 25 32
18 21 19 21
37 45 36 45
5 12 6 12
25 12 24 12
18 17 18 18
17 44 18 44
25 13 24 13
47 31 47 32
0 18 0 19
22 31 21 31
3 49 2 49
32 46 32 47
22 17 23 17
47 46 47 47
2 8 2 7
14 26 14 27
9 46 8 46
21 47 21 48
39 34 39 33
15 13 15 14
2 11 3 11
21 31 21 32
4 41 5 41
31 13 30 13
40 31 40 30
28 3 28 4
23 40 23 41
42 24 42 25
41 48 42 48
20 17 19 17
15 7 15 8
25 48 26 48
31 31 31 30
38 33 37 33
12 28 12 29
31 27 30 27
5 28 5 27
10 49 9 49
47 22 47 21
49 25 49 26
40 6 41 6
45 43 44 43
29 35 28 35
2 18 2 19
35 37 34 37
12 27 11 27
38 24 38 23
40 35 39 35
42 39 42 38
14 38 14 39
22 18 22 19
34 47 35 47
18 36 19 36
10 22 10 21
44 7 44 6
14 40 15 40
29 34 29 33
5 43 4 43
2 48 2 47
41 17 40 17
32 48 32 47
25 20 25 21
38 43 38 44
23 24 23 23
33 14 33 13
34 11 35 11
31 14 31 15
33 16 34 16
16 12 15 12
1 13 2 13
26 38 27 38
13 8 14 8
2 42 2 41
42 25 41 25
38 49 39 49
2 25 2 26
34 47 34 48
19 12 19 13
23 26 23 25
31 30 32 30
19 18 19 19
35 28 36 28
30 38 29 38
8 40 9 40
16 23 16 22
12 30 12 31
33 8 33 7
2 3 2 4
34 23 35 23
32 13 32 14
35 29 36 29
11 22 11 21
19 18 20 18
47 27 47 28
48 13 47 13
38 28 38 29
19 3 20 3
15 9 14 9
32 21 31 21
48 47 48 46
10 42 11 42
0 44 0 43
19 21 19 22
24 27 24 26
21 27 21 26
38 25 38 26
18 27 19 27
44 47 44 46
49 13 49 14
10 15 10 14
7 42 6 42
27 32 27 31
7 36 6 36
2 7 1 7
45 49 46 49
46 19 46 18
20 9 19 9
24 36 24 35
0 13 0 14
34 19 34 20
10 2 10 3
10 10 10 11
16 10 16 9
39 16 40 16
11 26 11 27
47 4 47 5
47 24 46 24
16 46 16 45
27 28 28 28
20 21 20 20
39 4 40 4
21 18 21 17
23 31 23 30
28 10 27 10
6 18 6 19
36 42 37 42
32 29 33 29
32 3 32 4
36 25 36 24
21 29 21 28
38 2 37 2
47 34 46 34
44 16 45 16
21 49 22 49
9 43 9 42
19 27 19 26
28 24 29 24
16 20 16 19
49 38 49 39
5 5 5 6
17 47 16 47
3 13 3 14
33 41 33 42
36 9 35 9
39 35 39 36
17 42 16 42
42 28 43 28
7 44 8 44
35 33 35 32
33 3 33 4
13 44 13 45
5 42 5 43
13 2 12 2
19 46 18 46
43 36 43 35
25 44 24 44
46 20 45 20
36 5 36 4
38 19 38 20
33 16 32 16
18 44 18 43
45 16 46 16
26 23 27 23
13 18 13 17
41 25 40 25
31 46 32 46
46 2 46 3
9 29 8 29
2 2 2 1
20 35 19 35
42 2 41 2
17 39 17 40
29 3 29 2
37 34 36 34
45 28 44 28
16 44 16 45
25 19 25 18
24 9 24 8
2 6 2 5
27 6 28 6
31 43 32 43
26 30 26 31
2 19 2 20
6 47 7 47
21 11 22 11
49 23 49 22
37 18 38 18
35 17 35 16
38 8 38 7
21 39 21 38
3 7 4 7
38 26 39 26
5 49 5 48
28 13 28 14
4 34 4 33
3 32 4 32
11 13 10 13
26 10 26 11
37 3 37 4
33 13 33 12
38 31 37 31
0 37 0 36
3 40 2 40
18 39 17 39
7 24 6 24
23 29 24 29
47 49 46 49
26 32 26 33
38 43 39 43
7 46 8 46
42 27 41 27
5 2 6 2
39 22 38 22
19 42 18 42
29 49 30 49
37 43 38 43
10 13 9 13
2 37 3 37
38 10 39 10
26 15 26 16
40 36 40 37
24 16 24 15
18 23 18 24
10 46 10 47
3 35 2 35
39 33 39 32
11 0 10 0
23 32 23 33
29 36 29 35
45 22 46 22
31 15 31 16
27 7 26 7
17 24 18 24
39 39 39 40
18 19 18 18
24 11 25 11
20 45 20 44
42 35 42 36
5 3 5 4
44 25 44 24
3 6 3 5
12 44 12 45
4 18 3 18
12 42 12 43
6 5 6 6
12 14 12 13
15 17 15 18
3 2 3 3
32 19 32 20
41 47 42 47
45 14 45 13
35 17 36 17
9 43 10 43
5 29 5 28
39 37 40 37
23 22 23 23
26 16 25 16
35 45 36 45
42 25 42 26
30 18 30 19
23 16 23 15
33 49 34 49
6 16 6 17
41 48 40 48
41 41 41 42
8 20 8 21
24 29 25 29
39 7 38 7
16 11 16 12
35 3 35 2
0 45 0 44
36 32 37 32
38 19 39 19
33 18 33 19
32 35 31 35
31 38 32 38
42 35 42 34
19 5 18 5
37 27 37 28
17 4 17 3
0 46 1 46
27 13 28 13
47 16 47 15
34 8 34 7
49 45 49 46
35 7 36 7
14 27 13 27
4 48 5 48
37 16 38 16
34 2 33 2
0 12 0 11
4 0 3 0
6 14 5 14
41 23 41 24
22 27 22 28
18 16 19 16
23 19 24 19
1 1 1 0
9 36 9 35
17 3 18 3
0 28 0 27
41 32 42 32
44 44 44 45
5 49 4 49
41 5 41 6
25 34 24 34
5 36 5 35
47 36 46 36
33 23 33 24
31 19 31 18
45 12 45 11
23 46 23 47
37 17 37 18
28 49 28 48
33 37 32 37
47 9 47 8
25 35 24 35
49 49 48 49
16 0 15 0
21 33 21 34
40 45 40 46
15 27 16 27
26 9 26 8
17 33 17 32
47 26 47 27
8 12 8 11
42 10 41 10
48 48 48 49
39 6 38 6
30 35 31 35
17 41 17 42
47 12 47 13
2 43 2 44
29 25 29 26
8 32 8 31
38 11 38 12
45 17 44 17
12 40 12 39
7 8 7 7
21 37 20 37
36 20 35 20
21 39 21 40
2 46 2 45
38 27 38 26
40 40 41 40
17 15 18 15
35 31 35 30
48 23 48 24
49 0 48 0
22 12 21 12
46 38 45 38
2 39 3 39
4 9 3 9
33 48 33 47
47 30 47 29
40 10 40 9
14 35 14 34
17 22 16 22
0 5 0 4
28 22 29 22
9 49 8 49
15 15 15 14
17 17 16 17
31 6 30 6
16 20 16 21
2 5 1 5
31 41 32 41
40 24 40 25
12 10 12 11
39 1 38 1
3 32 3 31
12 14 12 15
15 32 15 33
45 34 46 34
11 29 10 29
7 37 7 36
40 10 40 11
35 18 35 17
24 38 24 39
2 0 3 0
23 28 23 29
47 15 46 15
26 13 25 13
39 18 39 17
21 13 20 13
44 42 43 42
14 12 13 12
1 4 2 4
0 24 1 24
46 30 46 29
47 15 48 15
13 33 14 33
48 12 48 13
21 27 20 27
45 16 45 15
5 37 4 37
26 0 27 0
47 39 47 40
18 11 18 10
16 49 16 48
15 14 16 14
22 40 21 40
43 5 43 4
29 21 29 22
25 25 25 24
24 15 25 15
9 14 9 15
17 48 16 48
48 41 49 41
46 35 46 34
19 9 19 10
38 1 38 0
40 23 40 22
48 2 48 1
14 39 13 39
15 28 15 27
46 4 45 4
22 13 22 12
18 7 17 7
0 46 0 47
2 39 1 39
47 0 46 0
21 24 22 24
23 39 23 40
40 36 41 36
27 9 27 10
32 44 32 45
10 22 11 22
14 1 15 1
47 30 48 30
15 19 14 19
49 16 48 16
25 8 26 8
17 10 17 9
45 42 44 42
5 46 5 47
16 27 17 27
22 20 21 20
3 13 2 13
15 29 15 28
30 46 29 46
40 15 40 14
48 30 48 31
29 13 29 12
17 2 17 3
17 30 16 30
17 20 16 20
45 44 45 43
4 35 5 35
19 3 19 2
47 42 46 42
10 27 10 26
6 8 6 7
12 17 13 17
30 22 30 23
0 30 0 29
42 48 42 49
40 32 41 32
33 21 34 21
25 40 25 39
26 14 25 14
37 45 37 46
2 16 3 16
6 48 6 47
44 4 45 4
33 17 33 18
17 27 17 26
11 5 11 6
34 18 33 18
19 46 19 45
20 42 20 41
30 0 30 1
19 36 19 35
42 0 41 0
16 5 17 5
17 13 17 12
26 8 27 8
28 7 28 8
27 35 27 36
20 7 19 7
41 16 42 16
1 10 2 10
48 26 47 26
9 24 10 24
37 24 37 23
17 30 17 31
39 44 39 43
24 30 24 29
22 19 22 20
44 2 44 3
48 3 48 2
41 8 41 9
16 48 15 48
17 29 16 29
3 3 2 3
1 10 0 10
23 25 23 24
13 22 13 23
20 30 19 30
11 12 11 11
1 17 2 17
0 0 1 0
34 42 33 42
28 21 29 21
32 11 33 11
7 31 7 32
21 38 22 38
32 11 32 12
26 37 26 36
26 20 27 20
49 14 49 15
42 33 42 32
32 40 32 39
26 22 27 22
48 12 49 12
11 48 11 47
17 25 16 25
32 21 32 20
22 41 22 40
28 6 28 7
42 28 41 28
17 26 18 26
33 47 34 47
24 23 24 22
40 27 40 26
7 21 7 20
20 19 21 19
49 36 48 36
29 11 29 12
28 8 28 9
7 49 7 48
39 11 39 12
14 48 15 48
36 11 36 10
13 11 14 11
1 29 1 30
7 6 8 6
34 21 34 22
30 7 30 6
3 42 4 42
0 27 0 26
37 0 36 0
30 3 30 4
20 11 21 11
15 1 16 1
1 45 1 44
38 10 38 11
48 41 47 41
41 30 41 29
2 37 1 37
18 28 17 28
4 35 4 36
19 24 19 25
12 33 12 34
8 6 8 5
1 1 0 1
14 20 15 20
47 48 48 48
43 49 44 49
41 28 41 29
2 35 1 35
43 41 43 40
18 5 18 4
19 6 19 5
32 30 33 30
36 34 36 33
6 19 6 20
44 49 44 48
13 27 13 28
39 1 40 1
27 11 27 12
40 1 40 0
49 37 48 37
1 34 1 35
2 26 1 26
0 33 0 34
34 26 34 27
28 11 27 11
33 49 32 49
29 1 28 1
15 20 15 21
13 11 13 12
0 26 0 25
41 29 42 29
49 9 49 8
24 29 24 28
45 4 45 5
31 23 30 23
48 48 49 48
44 15 44 16
15 49 16 49
44 29 44 30
17 1 17 0
34 46 34 47
49 17 49 18
13 48 12 48
28 1 28 0
13 20 13 21
34 44 33 44
40 45 40 44
47 33 48 33
48 7 49 7
17 31 18 31
27 19 27 18
31 44 31 43
49 19 48 19
48 1 49 1
6 36 6 35
24 35 25 35
40 39 40 40
27 12 28 12
26 8 27 8
20 41 21 41
0 43 0 44
8 37 7 37
7 31 7 30
43 31 44 31
25 38 25 39
43 14 42 14
9 4 9 3
36 33 35 33
24 9 23 9
32 32 32 33
34 32 35 32
26 42 25 42
4 49 3 49
25 44 26 44
0 20 0 21
12 15 12 16
10 24 11 24
47 12 47 13
48 37 48 36
8 21 7 21
10 6 10 5
6 34 5 34
42 38 42 37
9 16 8 16
9 18 9 17
48 30 48 31
9 39 9 38
1 38 2 38
4 48 4 49
40 8 40 9
11 17 12 17
23 9 22 9
36 18 35 18
41 29 41 28
19 27 19 26
11 30 11 31
30 41 30 40
12 42 12 41
30 48 29 48
20 40 20 41
18 2 18 1
1 25 2 25
26 11 27 11
19 4 18 4
30 23 29 23
23 37 23 36
7 17 7 18
33 31 33 32
48 12 49 12
12 32 11 32
34 1 33 1
23 4 24 4
23 32 23 31
41 1 40 1
40 31 39 31
17 4 17 5
26 14 26 13
24 49 24 48
18 47 18 46
9 9 9 8
42 43 43 43
27 18 28 18
39 43 39 44
12 36 11 36
39 27 39 28
44 46 44 45
36 23 36 22
48 49 49 49
41 18 41 17
46 27 45 27
33 21 34 21
18 39 18 40
45 1 44 1
24 42 24 43
35 37 36 37
2 23 1 23
33 21 32 21
15 14 15 13
44 10 44 11
33 46 32 46
18 22 18 21
23 40 23 41
23 37 23 36
8 12 7 12
22 47 23 47
35 49 36 49
20 34 19 34
5 1 5 2
8 45 8 46
40 31 41 31
48 24 48 23
42 47 42 48
37 8 38 8
25 32 24 32
1 17 1 18
3 40 4 40
29 45 28 45
19 6 19 5
19 46 20 46
20 42 20 41
40 42 39 42
3 35 3 36
4 22 4 23
18 49 17 49
32 3 33 3
44 8 45 8
43 37 44 37
42 6 43 6
39 28 40 28
15 48 16 48
42 38 41 38
45 44 45 45
48 0 49 0
8 18 9 18
3 2 3 1
16 47 16 46
20 42 19 42
22 36 22 35
30 26 30 25
37 43 37 42
35 38 36 38
28 33 28 34
8 33 8 34
11 44 11 45
15 47 15 46
22 15 23 15
39 38 40 38
46 12 46 13
8 43 9 43
41 17 41 18
21 48 20 48
47 6 47 5
23 19 23 18
19 34 20 34
18 8 18 9
16 0 16 1
8 46 8 47
37 6 36 6
43 8 42 8
41 49 40 49
29 22 29 21
1 21 1 20
10 44 9 44
11 15 10 15
13 34 13 35
31 2 32 2
39 13 39 14
23 43 23 42
19 37 20 37
34 16 35 16
47 19 47 18
18 29 17 29
11 42 11 43
39 6 40 6
27 39 26 39
17 29 17 30
3 39 4 39
46 12 45 12
1 17 0 17
27 14 27 15
26 35 26 36
19 48 20 48
28 39 29 39
22 18 22 19
21 35 20 35
31 39 31 40
45 37 46 37
3 39 4 39
47 40 47 39
12 20 13 20
47 46 47 45
13 16 13 15
21 46 20 46
40 18 40 17
46 40 45 40
33 23 33 24
7 19 7 18
47 22 47 23
19 21 18 21
11 34 10 34
17 31 17 30
12 46 12 45
5 17 4 17
38 9 39 9
40 5 40 6
29 38 29 37
7 47 7 48
26 45 26 46
33 16 33 17
34 27 35 27
5 46 4 46
24 8 23 8
12 14 12 15
45 2 46 2
49 44 48 44
43 23 43 24
11 30 10 30
49 9 49 10
12 42 12 41
48 28 49 28
18 33 17 33
21 9 20 9
20 23 20 22
36 19 36 20
14 18 14 19
0 12 1 12
24 25 24 26
45 26 45 25
14 38 14 37
49 36 48 36
11 6 12 6
20 27 20 28
40 47 40 46
23 36 24 36
44 2 44 1
0 26 0 27
38 22 39 22
36 38 36 37
27 37 26 37
47 48 47 49
49 21 49 20
15 11 14 11
3 36 3 35
11 48 11 47
38 42 38 43
29 44 29 45
47 32 48 32
42 18 43 18
27 46 27 45
48 43 49 43
28 44 27 44
36 10 36 11
41 13 42 13
32 26 33 26
25 15 25 16
21 46 22 46
46 46 46 45
42 38 42 37
29 17 29 16
2 15 2 16
26 44 26 43
23 30 22 30
31 21 31 22
26 5 27 5
20 30 19 30
7 4 7 5
39 0 39 1
4 42 5 42
40 23 39 23
21 26 22 26
0 4 0 5
23 28 24 28
6 11 5 11
6 37 6 38
32 8 31 8
24 17 23 17
14 8 14 7
2 13 1 13
30 5 30 4
25 26 24 26
35 28 34 28
42 1 42 0
32 7 32 6
44 15 44 16
10 48 11 48
9 22 8 22
12 38 13 38
15 42 14 42
13 22 13 23
36 49 37 49
35 34 34 34
38 28 39 28
24 11 24 12
19 7 18 7
3 17 2 17
48 29 47 29
11 43 10 43
33 11 32 11
20 24 20 23
12 12 12 13
33 47 32 47
32 37 32 36
34 11 35 11
44 30 44 29
20 36 19 36
45 34 46 34
43 47 43 46
32 31 33 31
14 3 14 4
19 18 19 19
24 1 24 0
15 35 14 35
36 19 37 19
21 16 21 15
12 36 11 36
23 33 22 33
15 28 15 29
1 11 1 10
47 25 47 24
20 46 19 46
4 20 5 20
38 37 38 36
9 24 10 24
41 45 42 45
4 9 4 10
7 33 7 34
44 0 44 1
31 1 31 0
48 1 49 1
21 21 21 20
12 27 12 26
6 17 5 17
37 26 36 26
38 18 38 19
6 24 5 24
13 32 13 33
3 28 3 27
19 9 20 9
1 10 0 10
7 31 7 32
12 46 13 46
38 4 38 3
1 42 2 42
38 32 39 32
22 40 23 40
17 3 18 3
46 6 46 5
25 28 26 28
7 29 7 30
41 38 41 39
47 1 47 2
33 39 34 39
35 42 35 43
15 30 15 31
11 4 11 3
33 23 34 23
40 19 40 18
23 46 23 45
17 6 17 7
12 48 11 48
48 32 49 32
38 19 38 20
25 34 25 35
43 47 44 47
2 30 3 30
17 20 16 20
38 45 38 46
39 15 40 15
21 39 21 38
41 1 41 0
17 1 17 0
31 39 32 39
40 14 41 14
28 10 27 10
23 12 23 13
41 29 42 29
30 19 30 20
16 10 15 10
10 31 10 32
5 25 4 25
47 42 47 43
24 25 24 24
19 15 19 16
49 46 49 47
25 21 26 21
35 12 36 12
15 44 14 44
43 13 43 14
38 23 37 23
22 29 23 29
9 28 9 29
45 2 45 3
25 23 25 22
21 23 21 22
25 0 26 0
45 35 46 35
17 46 18 46
47 34 46 34
12 7 13 7
1 16 1 17
33 14 32 14
43 41 43 42
21 12 20 12
44 39 43 39
39 36 39 37
47 32 47 31
2 49 2 48
18 48 17 48
12 10 12 11
34 11 33 11
37 47 36 47
44 42 45 42
26 13 26 14
32 10 32 9
37 1 36 1
23 3 24 3
14 23 15 23
41 35 41 34
26 22 26 23
29 11 29 10
48 7 48 8
10 33 10 32
36 15 35 15
1 3 1 4
2 33 1 33
38 8 38 9
22 24 22 23
5 15 4 15
6 22 7 22
12 22 11 22
12 34 13 34
27 20 27 21
3 21 2 21
31 26 31 27
8 14 8 15
40 38 40 39
46 43 45 43
37 45 36 45
4 2 4 1
30 16 31 16
13 30 14 30
31 9 30 9
15 12 15 13
4 44 5 44
26 4 27 4
8 45 7 45
14 41 15 41
38 30 39 30
3 34 4 34
42 16 42 17
6 31 6 32
3 12 2 12
22 30 23 30
14 34 14 35
33 13 33 14
15 23 14 23
38 40 39 40
7 28 7 29
19 33 19 34
37 25 37 26
21 32 20 32
37 37 37 38
12 9 13 9
2 25 2 26
38 8 37 8
29 26 28 26
14 14 13 14
41 21 40 21
1 42 2 42
44 31 44 30
4 4 3 4
46 43 47 43
0 8 0 7
36 10 36 9
8 1 7 1
42 30 41 30
3 44 3 45
4 37 3 37
33 39 33 40
45 33 44 33
34 39 35 39
8 35 7 35
18 37 17 37
38 25 38 26
37 34 37 33
42 28 41 28
24 31 24 30
22 35 21 35
43 20 43 21
7 15 7 14
3 1 4 1
3 11 3 12
48 30 48 29
0 20 0 19
16 7 15 7
31 49 30 49
28 25 28 26
17 47 17 46
46 41 46 40
16 0 17 0
19 3 19 2
12 8 11 8
44 7 44 6
13 9 13 8
10 25 10 26
41 8 41 7
0 36 0 35
40 5 41 5
19 4 19 3
18 20 19 20
32 40 31 40
2 4 2 5
31 0 30 0
42 13 42 14
23 26 22 26
11 17 11 16
48 18 48 17
13 10 13 11
28 30 29 30
33 0 32 0
39 33 38 33
1 37 1 36
21 18 21 17
0 12 0 13
40 35 40 36
7 46 7 47
30 46 31 46
43 12 44 12
9 40 10 40
32 23 31 23
27 15 28 15
12 16 12 15
1 39 0 39
42 41 42 40
48 33 48 34
31 40 31 41
33 22 34 22
1 15 1 16
31 26 31 27
44 8 44 9
7 35 7 34
5 49 4 49
40 0 41 0
45 44 45 43
14 45 14 46
18 28 19 28
18 11 18 12
16 14 15 14
29 45 28 45
29 41 29 42
3 48 2 48
44 5 44 4
3 45 3 44
1 42 2 42
44 6 43 6
18 24 18 23
36 44 36 45
24 13 25 13
29 42 29 41
11 23 11 22
3 29 2 29
32 23 31 23
11 29 11 30
43 32 42 32
21 27 20 27
44 47 45 47
47 34 48 34
11 8 10 8
41 40 41 39
16 3 16 2
35 8 36 8
5 40 5 39
30 4 31 4
2 49 1 49
19 20 19 21
43 16 43 15
45 13 45 12
41 24 41 25
3 15 3 16
8 33 8 32
37 19 36 19
47 26 47 25
31 6 31 5
43 10 43 11
40 30 40 31
14 25 14 26
34 20 34 19
39 13 38 13
5 18 5 19
13 27 14 27
24 16 24 15
43 16 43 15
5 47 5 46
22 42 22 41
39 35 39 34
30 35 30 36
47 25 47 26
39 32 40 32
49 48 49 47
43 22 44 22
8 16 9 16
49 23 48 23
48 47 47 47
8 36 9 36
49 14 49 15
16 44 16 43
6 41 6 42
10 32 10 31
33 34 32 34
34 29 33 29
4 38 4 37
40 39 41 39
25 40 25 41
3 48 4 48
17 49 18 49
29 17 29 18
29 24 30 24
3 34 4 34
14 17 15 17
21 4 21 5
3 8 3 9
2 49 1 49
25 26 24 26
47 29 47 28
5 47 4 47
30 28 30 29
48 7 49 7
10 13 10 12
7 27 8 27
39 1 39 2
49 6 49 5
1 8 2 8
41 35 42 35
24 34 25 34
6 40 5 40
37 20 37 19
37 20 36 20
14 33 14 34
25 42 25 41
5 31 6 31
40 33 41 33
35 34 34 34
31 27 32 27
1 2 1 1
5 8 5 7
6 47 6 46
38 36 38 35
27 0 27 1
31 27 31 28
14 35 14 36
49 27 48 27
41 12 41 11
42 43 41 43
33 46 32 46
6 2 5 2
19 10 20 10
6 48 6 49
13 27 13 26
4 10 4 11
36 25 36 24
0 26 0 27
31 14 31 13
42 47 42 48
5 3 5 4
28 24 28 25
48 30 47 30
4 45 5 45
11 49 10 49
48 38 49 38
21 38 22 38
20 38 20 37
32 21 31 21
40 15 41 15
44 22 43 22
2 0 1 0
20 48 19 48
39 4 39 3
38 18 38 19
47 18 48 18
31 39 30 39
43 9 43 8
24 42 25 42
22 32 22 31
14 28 14 27
12 30 12 29
35 0 34 0
39 42 38 42
40 30 39 30
40 27 39 27
31 10 31 9
10 3 10 4
31 29 31 30
23 1 24 1
32 18 33 18
13 32 13 33
46 17 46 16
29 6 28 6
16 48 16 47
22 39 23 39
45 20 45 21
10 32 10 31
35 13 36 13
3 36 3 37
6 18 6 19
36 33 37 33
47 29 47 28
10 8 11 8
17 24 17 25
4 48 4 47
20 46 19 46
46 6 46 5
27 41 27 42
37 45 38 45
1 1 1 2
35 39 34 39
1 36 1 37
35 48 36 48
27 15 27 14
19 21 18 21
1 41 1 40
4 39 4 40
40 16 39 16
40 6 40 7
29 9 29 8
35 45 35 44
27 46 26 46
47 31 48 31
26 10 25 10
33 32 33 31
36 33 36 34
38 39 39 39
46 29 47 29
45 22 45 23
44 3 44 4
43 40 43 39
32 17 32 16
12 17 11 17
38 45 37 45
33 28 32 28
0 14 0 15
11 2 12 2
11 48 11 47
31 46 30 46
6 40 7 40
42 35 41 35
23 18 23 19
11 20 12 20
35 5 36 5
40 6 39 6
29 17 29 16
9 30 10 30
18 11 18 12
2 19 2 20
38 13 37 13
15 38 14 38
12 41 11 41
25 2 25 1
34 39 34 38
20 30 19 30
21 11 21 12
29 20 30 20
37 40 36 40
41 44 41 43
37 33 38 33
22 12 23 12
5 38 5 39
11 22 11 23
22 42 22 43
41 16 41 15
29 47 29 46
49 34 49 33
32 27 33 27
37 16 37 15
6 36 6 35
13 8 13 9
13 16 13 17
15 27 15 28
9 1 10 1
35 42 36 42
24 23 24 22
33 24 33 23
35 6 36 6
33 44 33 45
14 0 13 0
45 15 45 14
41 28 40 28
27 43 28 43
37 5 36 5
40 40 40 39
12 15 12 16
32 0 33 0
37 37 36 37
20 20 19 20
22 34 22 33
11 32 12 32
9 23 9 24
24 3 23 3
17 40 17 41
12 32 11 32
0 45 0 46
12 27 12 28
44 38 45 38
33 11 32 11
26 22 26 21
34 33 34 34
20 10 20 9
1 29 1 30
40 41 41 41
19 41 18 41
15 4 15 5
13 3 12 3
49 49 49 48
6 32 6 33
49 8 48 8
24 42 25 42
26 14 27 14
30 17 30 16
26 7 25 7
4 28 4 29
28 45 29 45
32 9 31 9
3 8 4 8
13 16 14 16
35 15 35 16
32 41 33 41
13 18 13 19
5 48 6 48
25 26 24 26
38 30 38 31
44 10 43 10
5 43 6 43
20 48 19 48
37 13 36 13
35 49 34 49
42 31 43 31
44 46 45 46
11 2 11 3
45 29 45 30
36 19 36 18
10 13 10 12
28 20 29 20
8 43 7 43
49 30 49 31
5 15 4 15
28 9 27 9
44 6 44 5
29 17 29 16
15 12 15 13
19 11 19 10
22 41 22 40
23 1 24 1
20 1 21 1
32 6 32 7
44 36 43 36
37 32 36 32
28 13 28 14
22 29 22 30
46 7 45 7
38 26 38 27
45 0 44 0
22 23 23 23
43 45 43 44
43 28 42 28
13 22 12 22
41 11 41 12
26 41 25 41
29 15 30 15
45 12 45 11
40 47 40 48
11 19 10 19
32 12 31 12
5 8 4 8
37 21 36 21
4 14 5 14
6 41 6 40
22 22 21 22
16 17 15 17
18 30 17 30
49 20 49 21
31 32 30 32
37 16 37 17
40 23 40 24
21 10 20 10
24 17 25 17
40 23 39 23
49 45 48 45
22 14 23 14
11 34 11 35
0 33 0 32
36 15 35 15
42 4 42 3
12 44 12 45
40 15 40 14
41 41 42 41
5 33 4 33
12 32 12 31
41 7 41 6
40 18 40 17
16 21 17 21
15 7 15 6
46 49 46 48
45 13 45 12
18 3 18 4
5 45 5 44
7 2 8 2
36 17 36 16
11 10 11 11
2 0 3 0
29 19 28 19
40 34 39 34
15 33 15 34
47 28 47 29
22 48 22 47
15 3 15 4
17 1 17 2
20 14 21 14
30 19 30 18
12 48 12 49
14 38 14 39
25 6 25 5
37 5 37 6
13 29 13 30
45 46 45 47
21 47 21 48
4 16 4 15
4 36 4 37
17 18 17 17
30 30 30 29
12 46 12 47
30 21 31 21
32 9 32 8
14 22 15 22
44 19 43 19
32 43 32 44
33 47 33 48
36 4 36 5
4 21 4 22
41 1 42 1
27 15 26 15
5 47 5 48
39 31 38 31
30 45 30 46
17 24 18 24
31 9 31 10
13 46 13 47
31 2 31 1
19 44 19 45
38 23 38 22
5 28 5 29
43 17 43 18
45 47 44 47
19 49 18 49
12 17 12 18
35 14 35 13
27 47 27 48
38 17 39 17
4 5 4 4
37 10 37 9
17 5 17 6
29 0 28 0
37 21 37 22
40 34 39 34
18 35 18 36
6 22 7 22
43 49 43 48
33 39 34 39
17 45 16 45
26 32 25 32
15 1 14 1
21 31 21 30
26 20 25 20
31 10 30 10
4 29 4 30
28 37 29 37
18 32 18 31
6 16 7 16
10 35 10 34
20 14 19 14
43 29 43 30
24 1 24 0
6 29 6 28
9 12 9 13
0 17 0 16
26 47 27 47
26 16 26 17
25 22 25 23
17 32 17 33
4 4 4 5
49 24 49 25
5 30 5 31
32 41 32 42
20 41 20 40
39 19 38 19
45 45 44 45
36 22 35 22
42 39 42 38
38 45 39 45
46 22 46 23
34 24 35 24
24 31 23 31
46 13 46 14
29 34 30 34
30 23 29 23
31 21 30 21
48 7 48 6
37 1 37 0
11 40 12 40
41 36 41 35
21 22 21 21
14 45 13 45
45 26 44 26
17 9 17 8
12 40 13 40
1 39 0 39
15 28 15 29
18 41 19 41
18 32 18 31
43 5 43 4
44 33 44 34
26 47 27 47
22 42 23 42
1 11 0 11
8 24 8 25
34 27 33 27
19 42 18 42
6 12 5 12
34 33 33 33
1 28 1 27
41 23 42 23
31 49 31 48
17 21 17 22
32 25 31 25
7 33 6 33
23 20 22 20
28 41 27 41
14 49 15 49
41 34 41 33
2 37 2 36
19 28 19 29
23 10 24 10
25 29 25 28
21 13 22 13
30 21 31 21
14 44 15 44
29 25 29 24
36 39 36 38
8 30 7 30
13 32 13 33
47 4 46 4
5 29 4 29
13 4 14 4
43 25 43 26
1 8 0 8
43 24 42 24
7 3 7 4
13 39 13 38
7 13 7 14
35 12 36 12
42 18 42 17
11 31 11 32
12 24 12 23
26 28 26 27
11 21 10 21
42 29 43 29
44 10 44 11
22 19 22 18
32 6 32 7
43 12 42 12
45 26 45 27
25 2 25 3
12 13 12 12
24 8 25 8
38 7 38 8
44 1 44 2
2 23 2 22
24 7 24 8
8 7 7 7
12 3 12 2
45 48 46 48
7 25 7 26
47 38 47 39
9 12 9 13
1 2 1 1
38 47 38 48
4 25 3 25
30 33 30 32
5 45 6 45
46 43 47 43
12 2 12 3
33 0 33 1
19 11 20 11
15 14 15 15
16 4 16 3
22 43 22 42
42 29 42 30
39 36 38 36
39 32 40 32
39 47 39 46
15 32 14 32
31 3 32 3
9 18 9 19
42 36 41 36
21 8 22 8
2 13 1 13
9 7 10 7
1 48 2 48
38 39 38 40
21 30 20 30
6 46 5 46
43 29 43 30
43 39 44 39
9 31 10 31
32 4 32 3
48 7 49 7
11 18 11 17
7 19 6 19
37 9 38 9
4 30 4 31
17 38 18 38
15 33 15 34
15 28 14 28
36 40 36 41
42 22 42 23
9 21 9 20
41 34 40 34
32 42 33 42
21 31 22 31
3 37 3 38
14 5 13 5
22 22 22 23
10 37 9 37
39 25 38 25
49 20 48 20
16 29 17 29
39 23 38 23
31 7 30 7
43 29 43 30
15 34 15 35
18 48 18 47
13 23 12 23
39 35 40 35
46 25 47 25
45 26 45 27
17 42 17 41
9 34 9 35
38 15 39 15
11 10 11 9
18 26 17 26
12 46 13 46
13 9 12 9
34 0 35 0
46 49 45 49
36 44 37 44
44 11 45 11
36 23 37 23
0 13 0 12
22 27 23 27
25 47 26 47
15 9 16 9
3 22 3 21
14 8 13 8
10 6 10 7
34 43 33 43
34 39 35 39
28 25 28 24
9 28 8 28
4 2 5 2
12 30 11 30
46 45 47 45
26 48 26 49
15 12 15 13
9 22 9 23
49 6 48 6
36 42 36 41
37 23 38 23
12 32 12 33
1 36 1 35
19 1 19 0
34 47 34 48
8 24 8 25
8 41 8 42
16 0 17 0
31 2 30 2
40 38 39 38
41 27 42 27
18 42 19 42
24 45 24 44
35 15 35 16
24 1 24 0
8 12 7 12
42 20 41 20
40 37 39 37
11 18 11 17
40 10 40 11
11 2 11 1
6 22 5 22
34 48 34 47
1 34 1 35
19 8 18 8
35 19 35 18
24 13 25 13
7 4 7 3
41 15 40 15
26 5 25 5
2 16 1 16
8 24 8 23
5 11 6 11
0 12 1 12
10 32 11 32
24 17 23 17
47 43 47 42
43 1 42 1
26 44 26 45
29 20 28 20
45 25 44 25
12 35 12 36
6 42 5 42
48 43 48 42
24 5 23 5
12 29 13 29
20 29 21 29
43 22 43 21
20 49 19 49
14 30 14 29
13 25 13 26
32 38 32 37
26 46 26 47
31 44 31 43
1 18 1 19
2 32 3 32
23 2 22 2
39 45 39 44
8 17 9 17
19 31 19 30
4 46 4 47
15 29 15 30
10 5 11 5
48 39 48 40
31 40 31 41
20 44 20 43
40 19 40 18
39 8 38 8
10 16 10 17
33 37 34 37
36 42 37 42
16 7 16 6
35 19 34 19
38 19 38 20
15 0 16 0
28 13 27 13
10 46 11 46
26 34 27 34
39 0 38 0
30 37 29 37
31 37 31 36
19 47 20 47
1 37 1 38
26 37 25 37
22 4 22 5
28 34 27 34
1 46 0 46
14 23 14 22
18 12 18 11
34 42 34 41
17 24 18 24
0 1 49 4
0
